 -3.9123420655877976237 4.0147041295476801892 
 -3.9217241804018092566 4.0147041335018016639 
 -3.9217241804018092566 4.0147041335018016639 
 -3.9217241804018092566 4.0147041335018016639 
 -3.9217241804018092566 4.0147041335018016639 
 -3.9217241804018092566 4.0147041335018016639 
 -3.9217241804018092566 4.0147041335018016639 
 -3.9217241804018092566 4.0147041335018016639 
 -3.9217241804018092566 4.0147041335018016639 
 -3.9217241804018092566 4.0147041335018016639 
 -3.9217241804018092566 4.0147041335018016639 
 -3.9217241804018092566 4.0147041335018016639 
 -3.9217241804018092566 4.0147041335018016639 
 -3.9217241804018092566 4.0147041335018016639 
 -3.9217241798630682048 4.0147041332076227604 
 -3.9217241798630682048 4.0147041332076227604 
 -3.9217241804018092566 4.0147041335018016639 
 -3.9217241804018092566 4.0147041335018016639 
 -3.9217241804018092566 4.0147041335018016639 
 -3.9217241804018092566 4.0147041335018016639 
 -3.9217241804018092566 4.0147041335018016639 
 -3.9217241804018092566 4.0147041335018016639 
 -3.9217241804018092566 4.0147041335018016639 
 -3.9217241804018092566 4.0147041335018016639 
 -3.9217241804018092566 4.0147041335018016639 
 -3.9217241804018092566 4.0147041335018016639 
 -3.9217241804018092566 4.0147041335018016639 
 -3.9217241804018092566 4.0147041335018016639 
 -3.9217241804018092566 4.0147041335018016639 
 -3.9217241804018092566 4.0147041335018016639 
 -3.9217241804018092566 4.0147041335018016639 
 -3.9217241804018092566 4.0147041335018016639 
 -3.9217241798630682048 4.0147041332076227604 
 -3.9217241798630682048 4.0147041332076227604 
 -3.9217241798630682048 4.0147041332076227604 
 -3.9217241798630682048 4.0147041332076227604 
 -3.9217241798630682048 4.0147041332076227604 
 -3.9217241798630682048 4.0147041332076227604 
 -3.9217241798630682048 4.0147041332076227604 
 -3.9217241798630682048 4.0147041332076227604 
 -3.9217241798630682048 4.0147041332076227604 
 -3.9217241798630682048 4.0147041332076227604 
 -3.912342065049056572 4.0147041292535021739 
 -3.912342065049056572 4.0147041292535021739 
 -3.912342065049056572 4.0147041292535021739 
 -3.912342065049056572 4.0147041292535021739 
 -3.912342065049056572 4.0147041292535021739 
 -3.912342065049056572 4.0147041292535021739 
 -3.912342065049056572 4.0147041292535021739 
 -3.912342065049056572 4.0147041292535021739 
 -3.912342065049056572 4.0147041292535021739 
 -3.912342065049056572 4.0147041292535021739 
 -3.912342065049056572 4.0147041292535021739 
 -3.912342065049056572 4.0147041292535021739 
 -3.912342065049056572 4.0147041292535021739 
 -3.912342065049056572 4.0147041292535021739 
 -3.912342065049056572 4.0147041292535021739 
 -3.912342065049056572 4.0147041292535021739 
 -3.912342065049056572 4.0147041292535021739 
 -3.912342065049056572 4.0147041292535021739 
 -3.912342065049056572 4.0147041292535021739 
 -3.912342065049056572 4.0147041292535021739 
 -3.912342065049056572 4.0147041292535021739 
 -3.912342065049056572 4.0147041292535021739 
 -3.912342065049056572 4.0147041292535021739 
 -3.912342065049056572 4.0147041292535021739 
 -3.912342065049056572 4.0147041292535021739 
 -3.912342065049056572 4.0147041292535021739 
 -3.912342065049056572 4.0147041292535021739 
 -3.912342065049056572 4.0147041292535021739 
 -3.912342065049056572 4.0147041292535021739 
 -3.912342065049056572 4.0147041292535021739 
 -3.912342065049056572 4.0147041292535021739 
 -3.912342065049056572 4.0147041292535021739 
 -3.912342065049056572 4.0147041292535021739 
 -3.912342065049056572 4.0147041292535021739 
 -3.912342065049056572 4.0147041292535021739 
 -3.912342065049056572 4.0147041292535021739 
 -3.912342065049056572 4.0147041292535021739 
 -3.912342065049056572 4.0147041292535021739 
 -3.912342065049056572 4.0147041292535021739 
 -3.912342065049056572 4.0147041292535021739 
 -3.912342065049056572 4.0147041292535021739 
 -3.912342065049056572 4.0147041292535021739 
 -3.912342065049056572 4.0147041292535021739 
 -3.912342065049056572 4.0147041292535021739 
 -3.912342065049056572 4.0147041292535021739 
 -3.912342065049056572 4.0147041292535021739 
 -3.912342065049056572 4.0147041292535021739 
 -3.912342065049056572 4.0147041292535021739 
 -3.912342065049056572 4.0147041292535021739 
 -3.912342065049056572 4.0147041292535021739 
 -3.912342065049056572 4.0147041292535021739 
 -3.912342065049056572 4.0147041292535021739 
 -3.912342065049056572 4.0147041292535021739 
 -3.912342065049056572 4.0147041292535021739 
 -3.912342065049056572 4.0147041292535021739 
 -3.912342065049056572 4.0147041292535021739 
 -3.912342065049056572 4.0147041292535021739 
 -3.9123420655877976237 4.0147041295476801892 
 -3.9123420655877976237 4.0147041295476801892 
 -3.9123420655877976237 4.0147041295476801892 
 -3.912342065049056572 4.0147041292535021739 
 -3.912342065049056572 4.0147041292535021739 
 -3.9123420655877976237 4.0147041295476801892 
 -3.912342065049056572 4.0147041292535021739 
 -3.9217241798630682048 4.0147041332076227604 
 -3.9217241798630682048 4.0147041332076227604 
 -3.9217241798630682048 4.0147041332076227604 
 -3.9217241798630682048 4.0147041332076227604 
 -3.9217241798630682048 4.0147041332076227604 
 -3.9217241798630682048 4.0147041332076227604 
 -3.9217241798630682048 4.0147041332076227604 
 -3.9217241798630682048 4.0147041332076227604 
 -3.912342065049056572 4.0147041292535021739 
 -3.912342065049056572 4.0147041292535021739 
 -3.912342065049056572 4.0147041292535021739 
 -3.912342065049056572 4.0147041292535021739 
 -3.912342065049056572 4.0147041292535021739 
 -3.912342065049056572 4.0147041292535021739 
 -3.912342065049056572 4.0147041292535021739 
 -3.912342065049056572 4.0147041292535021739 
 -3.912342065049056572 4.0147041292535021739 
 -3.912342065049056572 4.0147041292535021739 
 -3.912342065049056572 4.0147041292535021739 
 -3.912342065049056572 4.0147041292535021739 
 -3.912342065049056572 4.0147041292535021739 
 -3.912342065049056572 4.0147041292535021739 
 -3.9123420643984179179 4.014704128689631446 
 -3.9123420643984179179 4.014704128689631446 
 -3.912342065049056572 4.0147041292535021739 
 -3.9123420643984179179 4.014704128689631446 
 -3.912342065049056572 4.0147041292535021739 
 -3.912342065049056572 4.0147041292535021739 
 -3.912342065049056572 4.0147041292535021739 
 -3.912342065049056572 4.0147041292535021739 
 -3.912342065049056572 4.0147041292535021739 
 -3.912342065049056572 4.0147041292535021739 
 -3.912342065049056572 4.0147041292535021739 
 -3.912342065049056572 4.0147041292535021739 
 -3.912342065049056572 4.0147041292535021739 
 -3.912342065049056572 4.0147041292535021739 
 -3.912342065049056572 4.0147041292535021739 
 -3.912342065049056572 4.0147041292535021739 
 -3.912342065049056572 4.0147041292535021739 
 -3.912342065049056572 4.0147041292535021739 
 -3.912342065049056572 4.0147041292535021739 
 -3.912342065049056572 4.0147041292535021739 
 -3.912342065049056572 4.0147041292535021739 
 -3.912342065049056572 4.0147041292535021739 
 -3.912342065049056572 4.0147041292535021739 
 -3.912342065049056572 4.0147041292535021739 
 -3.9029599499053895251 4.0147041257693478755 
 -3.9029599504441305768 4.0147041260635258908 
 -3.893577835630118944 4.0147041221094044161 
 -3.893577835630118944 4.0147041221094044161 
 -3.8841957202573915708 4.014704120122996045 
 -3.8748136054433794939 4.0147041161688745703 
 -3.8654314896377708344 4.014704113663063012 
 -3.8466672621873154725 4.0147041061994883648 
 -3.8185209135931885704 4.0147040960693951561 
 -3.8091387998679611115 4.0147040923376078325 
 -3.7716103384222652295 4.0147040782231258049 
 -3.7434639929912640888 4.0147040677706646861 
 -3.7059355306745400682 4.01470405347831516 
 -3.677789185899441371 4.0147040427287858932 
 -3.6308786104994585919 4.0147040263802615812 
 -3.5839680368994795145 4.0036136690214814138 
 -3.5370574633387388275 4.0036136543072728955 
 -3.4995290016692464086 4.003613641221660302 
 -3.4432363110189614375 4.0036136214345408035 
 -3.3869436181850676171 4.0036136022760899777 
 -3.3400330409390259767 4.0036135855789840576 
 -3.2649761196570401545 4.0036135614786054759 
 -3.1899191967527928959 4.0036135363928382347 
 -3.1336265051135421267 4.0036135180156229296 
 -3.0491874681257664648 4.003613493041670246 
 -2.9647484337005325372 3.992523126714833559 
 -2.8896915102454650004 3.9925231026974348225 
 -2.7771061289605656341 3.9814327292705620209 
 -2.7114313212245129137 3.9925230528906618943 
 -2.6082280547336509358 3.9814326856798016863 
 -2.5050247869867887651 3.981432660480689556 
 -2.3924394090194422979 3.9703422942044550581 
 -2.317382481020493934 3.9814326165708684435 
 -2.1954149876509978512 3.9703422526783831437 
 -2.0922117141102294369 3.9814325666693490824 
 -1.9608621062401128121 3.9703422021388385943 
 -1.8388946022360037613 3.9814325196692501585 
 -1.6981628750572725917 3.9703421561379919069 
 -1.6043417197712692701 3.9814324807453251864 
 -1.4636099917146940808 3.9703421191060597195 
 -1.3697888367575699053 3.9814324442399495751 
 -1.2290571066730098249 3.9814324274553918315 
 -1.0695611457487428364 3.9814324067639423887 
 -0.91006518663507252054 3.9814323918645699862 
 -0.75995134105147854608 3.9814323783522200806 
 -0.6567480733104325008 3.9814323719203228436 
 -0.48786999630766592073 3.9814323589430844486 
 -0.31899191948193106327 3.9814323523147456818 
 -0.20640653581237711212 3.9814323476007231761 
 -0.018764231287336841092 3.9703420050291606813 
 0.15011384312876874247 3.9814323483926519209 
 0.34713826677749742844 3.9703420126619595187 
 0.52539845726869471854 3.9814323630967942691 
 0.74118710958864020277 3.9814323767033963364 
 0.91006518487899756842 3.9814323886846647582 
 1.0320326852359393843 3.9814324016732030032 
 1.2102928751090247239 3.9925227590678451506 
 1.4354636402946971963 3.9925227901112272377 
 1.623105946554529444 3.9925228185970356165 
 1.7826019068814102919 3.9925228458175388013 
 1.9983905590287325271 3.9925228868609199395 
 2.2141792100082020589 3.9925229330172884445 
 2.3549109371369452148 4.0036133056925589102 
 2.5800817057538982802 4.0036133644829670075 
 2.7771061212213012936 4.014703753113904483 
 3.0022768860475679276 4.0147038180017382558 
 3.2180655365864838657 4.0147038840107791557 
 3.3681793781026208023 4.0257942741652197327 
 3.5839680295834885904 4.0257943512754454929 
 3.8185209071285299842 4.0368847773695870629 
 4.0343095510602626774 4.0479752029304512106 
 4.2031876208458278654 4.0590656133302154274 
 4.428358385956512322 4.0590657094287703188 
 4.6535291461408956337 4.0701561533855903363 
 4.8599356809479825614 4.0701562526663890296 
 5.0851064427309955462 4.081246708625923425 
 5.2164560484643738292 4.0923371162951438507 
 5.4603910465011615827 4.0923372473036598862 
 5.6949439229213787428 4.1034277235382061733 
 5.8450577627030275707 4.1145181524561138531 
 6.0702285229793089272 4.1256086300068250949 
 6.3047814036493985412 4.1256087762364277438 
 6.5393342790582682511 4.1366992693854527374 
 6.717594461242744508 4.1477897315926188782 
 6.9333831072981126908 4.1588802216791744826 
 7.1491717550591138419 4.1588803742989446377 
 7.3931067430557799725 4.1699708928602117197 
 7.6464238442210383795 4.1810614265647281229 
 7.8059197968799418632 4.1921518935180523968 
 8.0780011321297084947 4.2032424541271478091 
 8.3031718846987594418 4.2143329775110691671 
 8.5846353397407888508 4.2143332161620161713 
 8.7441312887710758162 4.2254236985319648667 
 9.0068305039212681606 4.2365142730899059131 
 9.2413833854247151578 4.2365144898583828592 
 9.5040826103060194185 4.2365147377850860266 
 9.7386354710690827829 4.247605303185096659 
 9.9356598873149497564 4.2476054964418370474 
 10.198359111751516437 4.2476057629738850352 
 10.47044045155236347 4.2476060454642077246 
 10.742521800062526438 4.23651599411623625 
 10.911399887071143056 4.2254258379621392194 
 11.192863333358106459 4.2254261488136153346 
 11.46494468251572485 4.2143361157073941925 
 11.718261802892740775 4.2032460687624313422 
 11.89652200271032001 4.1921559390110409993 
 12.187367602781797871 4.1699756092737931823 
 12.468831086908977568 4.1477952779802977901 
 12.750294563530747638 4.1256149488287130467 
 12.966083241435709894 4.103434544971449327 
 13.228782499361210867 4.0812542101797699701 
 13.538392359874311666 4.036893260008588058 
 13.80109164633612906 3.9925322574191852709 
 14.016880346023940618 3.9592615374034512143 
 14.270197546173861269 3.9038101930671516016 
 14.561043201522414492 3.8483589090149141754 
 14.851888876165263653 3.7818172915866350436 
 15.058295493326117054 3.7263658951457738766 
 15.320994815404223033 3.6709145924216275425 
 15.639986887284603512 3.5821923616409803159 
 15.902686243323683968 3.5156507329535848783 
 16.099710774428189097 3.4491090039385539079 
 16.381174402912090926 3.36038673725481285 
 16.672020130158347939 3.2827548347137458506 
 16.934719526463421602 3.194032549729556969 
 17.206801046029010394 3.1053102891933335172 
 17.394443482178370886 3.0498589143755863162 
 17.675907145920263019 2.9500463421452467472 
 17.94798866776764612 2.8613240998358686618 
 18.135631116569030041 2.794782393882968563 
 18.417094771429752598 2.7060601831400981077 
 18.707940572411107638 2.6062476575133701751 
 18.998786394071217387 2.5064351426558078018 
 19.205193111195935529 2.4288031520684283393 
 19.477274672564156788 2.3400809549776937502 
 19.749356236911353335 2.2513587626950886111 
 20.04020206069063903 2.151546274805072656 
 20.340430018118421884 2.0517338170884729109 
 20.537454608294236635 1.985192175128207559 
 20.865828951269623559 1.8742894503595011191 
 21.128528422267191189 1.7855672770384189985 
 21.344317264350422647 1.71902569200800448 
 21.64454521135562004 1.6303036121389544721 
 21.944773166918999152 1.5415815413458746619 
 22.216854748388374929 1.4639497596517474509 
 22.432643584338809006 1.4084985382102668261 
 22.82669274144540239 1.308686366190908279 
 23.014335196648556092 1.2643254335562079671 
 23.323945243516277515 1.1977841091299996634 
 23.642937411282801463 1.1312428168266306372 
 23.849344070139732565 1.0979722845776769269 
 24.168336205871160161 1.0425213485520667955 
 24.487328365447879719 0.98707042426085744857 
 24.806320487708983791 0.94270984883077457717 
 25.097166264114388667 0.90943955663367659348 
 25.303572928331842462 0.88725939627198857629 
 25.622565032257085704 0.85398919090606462134 
 25.969703469206979918 0.83180940775255696185 
 26.260549153645214915 0.8096294868661296773 
 26.49510214170365785 0.79853976768755852156 
 26.823476287828150078 0.78745030446463992746 
 27.14246830121289733 0.78745116823977912013 
 27.461460278055870532 0.79854238315294845396 
 27.667866849011261365 0.8096332941626105395 
 27.958712467476409813 0.82072444641486519412 
 28.287086580401517466 0.83181571476651183783 
 28.606078524351747916 0.85399730655995187423 
 28.812485066703096948 0.87617858293003880732 
 29.122094836217893743 0.92054084618212994595 
 29.441086720332027227 0.9649031456361392145 
 29.750696427837713287 1.0203557695098617319 
 29.985249239392921083 1.0647178356765876206 
 30.266712562587141377 1.1312607311618210204 
 30.59508644483473816 1.2088941173028218135 
 30.876549804145607681 1.2754370316402570129 
 31.158013070578345349 1.364160634754305379 
 31.345655187461922253 1.4307032665920216274 
 31.67402892929457181 1.5416077105329661912 
 31.936727831412767387 1.6414216136008170643 
 32.255719420475450931 1.7634163877053823377 
 32.433979356455061804 1.8410493506683547338 
 32.724824559113045552 1.9741343900549406243 
 33.006287588963495239 2.1183097469479719166 
 33.175165405517816453 2.2070330340799917401 
 33.4190999088633518 2.3512082742188411544 
 33.681798589850480141 2.5175642684435186602 
 33.935115091582474633 2.6950105753389479446 
 34.179049472031110213 2.8724568580414420182 
 34.413601720657204908 3.0720838003037069797 
 34.563715154974048005 3.1940780670747264125 
 34.779503101068996784 3.4047952928099212144 
 34.929616382184740075 3.5600605863846617183 
 35.107875842878151218 3.7596873417516292193 
 35.323663610213515085 4.0036755967165387204 
 35.48315873932996567 4.2254829722506377365 
 35.633271789267467966 4.4361999758867147747 
 35.78338474282680437 4.6912783544590155316 
 35.886587370622727633 4.8687241766661166764 
 36.008554002870603483 5.1127121161955555451 
 36.139902538556242462 5.4010614477270078027 
 36.243104886380770324 5.645049316868037792 
 36.318161060391766171 5.8446757210748110367 
 36.402599138468048068 6.1219345578464015034 
 36.487037104843835778 6.4102837268610350918 
 36.552710896095845783 6.665361791876303954 
 36.599620767028639534 6.8538977575334332215 
 36.655912380218573787 7.1533371704103085875 
 36.71220395592041541 7.4527765796437632773 
 36.749731236770912801 7.763306253627280995 
 36.777876879476110616 7.9518421507967369521 
 36.815404132019764916 8.2623718204000233811 
 36.852931412328345573 8.5729014958404832214 
 36.88107656585342653 8.8834311340088820685 
 36.899839913372943556 9.116328356151090162 
 36.909220949601632356 9.4046772485330212277 
 36.927984087811836389 9.693026174001349915 
 36.927982948422531706 10.003555716461903558 
 36.927981656141959377 10.358446628775208609 
 36.91859891255022319 10.535892052244712147 
 36.909215502026988531 10.890782925513043722 
 36.890450115822858379 11.212402745550082983 
 36.881067268655563396 11.412028845082591744 
 36.852919778168597986 11.733648631230360948 
 36.824772286852883951 12.055268417620148114 
 36.796624818872274432 12.354707502915239559 
 36.768477298814978838 12.676327278168983526 
 36.721565584299746376 12.997946991636021963 
 36.684036358448757653 13.208663319359173371 
 36.627742498065401833 13.53028298280899655 
 36.571448632627038933 13.862992997290771058 
 36.52453729769729307 14.073709287713416671 
 36.440097018626602221 14.428599872825088823 
 36.365039096085574499 14.728038804676007345 
 36.271216782236265885 15.071839022623381155 
 36.186776763567735316 15.36018756482994263 
 36.139865633337258544 15.5265425034094946 
 36.036661310549746418 15.848162008486454511 
 35.905310652107758074 16.180871755553262403 
 35.802106548331437352 16.447039561286437959 
 35.708284760209537012 16.657755700685552114 
 35.576934323427849449 16.95719447023449078 
 35.436201799351202624 17.234452492425599957 
 35.295469415432116023 17.500620223568557066 
 35.192265717242037226 17.666974979036478288 
 35.042151316110746961 17.888781276781266172 
 34.873272614254211987 18.143858539641357197 
 34.695011900976183483 18.376755094445833549 
 34.573044094377024749 18.52092911129019015 
 34.38540136412245829 18.731644954928050595 
 34.188376539154283762 18.942360768414690853 
 33.981969725588122344 19.130895889742902227 
 33.831855668197349019 19.263979476377667055 
 33.634831082293203508 19.419243616315576162 
 33.400278034982733288 19.596688321582298897 
 33.203253441572449844 19.71868136936387117 
 32.996846854797475146 19.840674450882893609 
 32.856115161911823463 19.907216050649530814 
 32.593416016904200205 20.018118613673514972 
 32.387009533050033383 20.106840676194881468 
 32.124310504713953662 20.184472227709314041 
 31.983578834261248147 20.217742758104176204 
 31.749026201185916563 20.262103377861230058 
 31.523855644722502234 20.306464014184722799 
 31.383124115794434061 20.317553914245557678 
 31.186099938492095163 20.339733970665847096 
 30.951547446495730753 20.350823608156744626 
 30.745141231155379558 20.350822955493988786 
 30.538735083581684648 20.339731987811276781 
 30.407385746199516063 20.31755090177454548 
 30.210361735682354833 20.295369632297934004 
 30.013337722086610881 20.251007641373547585 
 29.825695905041548883 20.195555382134067202 
 29.703728679818073743 20.162283978253618955 
 29.506704791842043534 20.095741356385097731 
 29.347209210933279167 20.040289151788989841 
 29.178331603742130085 19.973746609311472611 
 29.009454052675764046 19.885023384873441898 
 28.878104815892633894 19.829571301055171517 
 28.718609374645478027 19.74084811904777581 
 28.52158559182021591 19.629944148222481459 
 28.362090123533889141 19.541220956265821229 
 28.230740965799228093 19.452497854452794002 
 28.0524814006784311 19.330503603467381168 
 27.864839754700994945 19.197418985233792199 
 27.742872665906745056 19.119786259927352035 
 27.555231017802682913 18.986701651155591719 
 27.386353548482958331 18.8647074452021144 
 27.179947758116895784 18.709442115136447171 
 27.011070314037112894 18.576357579118507601 
 26.879721170735702884 18.476544160711693365 
 26.69207951650406585 18.332369216363161968 
 26.50443783431221334 18.199284622587356353 
 26.382470740829582212 18.11056156873876688 
 26.194829097416697294 17.9663866519361477 
 26.016569498210557754 17.833302086882323323 
 25.828927838381570581 17.689127173915863978 
 25.631904036165948924 17.54495221488707557 
 25.500554826057403091 17.456229149762265251 
 25.303531054616957618 17.31205422517812309 
 25.106507249189498054 17.17896964601731824 
 24.890719253750205553 17.034794679390849126 
 24.749987959052397457 16.934981259682889032 
 24.552964078530436609 16.812987009792692561 
 24.318411877531602272 16.657721660888700654 
 24.11200589390803728 16.535727405358990438 
 23.905599919174942869 16.413733162550126821 
 23.746104321996490683 16.336100378234274189 
 23.492787850742530509 16.191925337810850749 
 23.258235482116994319 16.092111713644776216 
 23.079975718057013978 16.003388574175357206 
 22.836041270421425509 15.89248460243840988 
 22.582724686276154813 15.792670955293456103 
 22.329408070442788414 15.703947654965752179 
 22.169912446112871152 15.637405252491809904 
 21.93536000573523026 15.559772344697957891 
 21.672661249968474095 15.482139380799143424 
 21.40058036752656534 15.415596748855444176 
 21.137881588423439894 15.349054147533347958 
 20.950239610787402711 15.304692401036941618 
 20.678158695102347053 15.249240130483228128 
 20.387313539614520863 15.204878164408508923 
 20.06832208311610799 15.160516164705942543 
 19.880680021785742895 15.138335099674705475 
 19.599216954257510537 15.105063525609079278 
 19.327135917903319751 15.093972639106592482 
 19.036290692103762012 15.082881740889682476 
 18.764209667204251986 15.071790879184163714 
 18.557803343557310427 15.082880836310799566 
 18.257575997506268806 15.082880288863648843 
 17.957348626079443932 15.093970085729612407 
 17.65712124727118848 15.105059885438272715 
 17.469479109980674991 15.12724023445036714 
 17.159869613280019252 15.149420378391699415 
 16.850260111157744802 15.171600524775531227 
 16.559414833910764742 15.204871083425711475 
 16.353008499944998277 15.227051429595150012 
 16.034016880691169149 15.271412286740655873 
 15.715025261712856519 15.315773152576332095 
 15.396033620292833177 15.371224361157679539 
 15.161480952740635786 15.415585380589700293 
 14.880017727570177044 15.471036656688005095 
 14.532879746052952186 15.559758887183258835 
 14.251416518160777258 15.626300526634130605 
 14.02624594220330323 15.681751919838379905 
 13.744782686347608802 15.770474249743767103 
 13.435173133930462086 15.859196563835201488 
 13.144327764663033875 15.959009235073001065 
 12.806571863898330577 16.081002547446342277 
 12.600165487534628284 16.158634684357881639 
 12.299938003874663295 16.291718406091074911 
 11.980946307090764691 16.42480209693410842 
 11.783922028691641515 16.513524593223703363 
 11.474312447945122173 16.657698668372603379 
 11.164702880353837955 16.801872758309396971 
 10.883239627349325929 16.934956525424368579 
 10.573630066201008759 17.090220974789637864 
 10.264020502447976924 17.245485418949829892 
 10.066996227185375901 17.35638862291594009 
 9.7573866781900235878 17.522743437571985936 
 9.438395032114303973 17.68909824402654607 
 9.2413707855216262743 17.788911124260735619 
 8.8942328360746980564 17.966356253185956859 
 8.6127696513851859095 18.110530451769921712 
 8.2656317192288746298 18.299065950053481799 
 8.0873717071490620611 18.376698161878618265 
 7.7683801241536478699 18.543053035498843428 
 7.4775348806174015692 18.676136922879695845 
 7.1210149092039269902 18.84249178651466039 
 6.8114054707304685365 18.975575651256594512 
 6.5674707738817970082 19.075388562901629541 
 6.229715047362711644 19.208472424422037506 
 5.882577232461205341 19.341556302646569776 
 5.6574067641030874043 19.419188547654716359 
 5.3102689694761728845 19.541182102995016123 
 4.9912774856722137429 19.652085330208095115 
 4.6347576116188449191 19.762988558987036214 
 4.2782377472779424821 19.862801441025343507 
 4.0436852128253875094 19.929343392429380799 
 3.6871653694817192459 20.01806597524241127 
 3.3212634307734725247 20.106788571857435954 
 2.9553615059253512953 20.184420859281065219 
 2.6926626955282650933 20.22878215002587865 
 2.3642891778944341574 20.295324099874370916 
 1.9608588700663189819 20.350775709447987083 
 1.6231032646573080314 20.39513697298788486 
 1.2947297656193050841 20.428407938682795475 
 1.0601772694648885498 20.439498225672931397 
 0.65674698059019220864 20.450588509728525821 
 0.31899138971360674333 20.45058850979110332 
 0.04691049913650413572 20.450588498181410557 
 -0.31899139010543020589 20.428407817761808474 
 -0.684893283789874463 20.395136797200155598 
 -1.0601772782590148658 20.35077549669784247 
 -1.2947297807103130829 20.317504506214582705 
 -1.632485385315952886 20.250962500436781255 
 -1.9983872958820096954 20.173330166443442124 
 -2.3642892123608860722 20.095697847873775999 
 -2.720809039251682826 19.995884857847816107 
 -2.9459794570930473157 19.929342847500453928 
 -3.2837350980710109383 19.818439523925547974 
 -3.6214907527977389101 19.696445884942530569 
 -3.9967748235730105044 19.552271586693503735 
 -4.2031810704257512867 19.463548938453147485 
 -4.5315546576763381381 19.319374647408864121 
 -4.8317819519785887294 19.186290728271160333 
 -5.1507734635254056599 19.031026114635380964 
 -5.4416186790775125104 18.897942213739362671 
 -5.6761712795114327434 18.775948600396823451 
 -5.985780717035729559 18.620684015576582482 
 -6.3047722707558708777 18.454329096092550344 
 -6.6143817320607638521 18.287974179856718138 
 -6.8114059385202878616 18.188161244198763455 
 -7.1210154110307470887 18.032896692593190835 
 -7.4306249011497262913 17.866541804541359539 
 -7.712088074641499702 17.722367577703217023 
 -7.899730200261050328 17.622554662444997575 
 -8.2093397006263550963 17.467290122547673548 
 -8.518949204700486888 17.323115947555528749 
 -8.8379408298907655706 17.156761086804547034 
 -9.0631113892434456147 17.056948223904171869 
 -9.3539566978150325838 16.923864394364343866 
 -9.7010946518434924002 16.779690296563497753 
 -9.991939963582836981 16.657696822470274611 
 -10.226492635709796275 16.568974333527439313 
 -10.517337967163896906 16.446980883262938278 
 -10.836329620747482849 16.32498748073210848 
 -11.127174945919909632 16.214084377260711278 
 -11.474312909976084995 16.092091008745132541 
 -11.690101380243635987 16.025549219033177195 
 -12.009093025896639517 15.925736526587897401 
 -12.346848889906363311 15.825923869585674097 
 -12.562637352565724669 15.770472433758733644 
 -12.90039319957651287 15.692840480044218054 
 -13.23814903595544834 15.626298878615013876 
 -13.566522762186639994 15.570847620325505289 
 -13.913660688130601528 15.526486739783198487 
 -14.279562814564213724 15.482125890042153671 
 -14.504733337370709023 15.471035876748885585 
 -14.861253304949990195 15.45994604702627484 
 -15.208391162252285156 15.459946565925726247 
 -15.433561646070881324 15.471037248428093136 
 -15.808845776258664273 15.493218511453591191 
 -16.127837227413625243 15.537580363093148605 
 -16.493739195863430069 15.593032658714882643 
 -16.681381237051351007 15.626304007050649147 
 -17.00975476872824288 15.692846606566030587 
 -17.309981974732291832 15.770479515319923536 
 -17.65711962783040434 15.870293175143181941 
 -17.938582563891625199 15.959016385002513516 
 -18.163752906364049267 16.036649170611973148 
 -18.482744212822545649 16.158643512183402891 
 -18.782971296434983088 16.280637817699449954 
 -18.989377417434720741 16.369360945274802788 
 -19.280222357012888779 16.502445586531070632 
 -19.561685217586632035 16.613349524299071192 
 -19.852530128051729008 16.757524526792593633 
 -20.152757131497939014 16.901699557940471408 
 -20.331016904251850264 16.990422643436531303 
 -20.62186178015014093 17.134597661001226498 
 -20.912706658363383383 17.278772694010626765 
 -21.194169359497564642 17.445128382945284784 
 -21.400575387699248608 17.544941881738687073 
 -21.663273939350908392 17.689116880437790513 
 -21.97288296255042539 17.844382323718157579 
 -22.235581547355003806 17.966376655197979773 
 -22.4982801221968991 18.088370991284282496 
 -22.676539878645268544 18.166003780661370115 
 -22.995531075446145053 18.276907913515010762 
 -23.267611800127227184 18.365631260127678104 
 -23.483400000851492706 18.421083467752225715 
 -23.783627092653475188 18.487626226896125559 
 -24.083854170043075271 18.554168987656051826 
 -24.393463359571700977 18.598531068848966896 
 -24.590487428425898742 18.620712230691193412 
 -24.88133256075450106 18.631803309470612362 
 -25.200323999271905251 18.631804108256819319 
 -25.509933381065934554 18.609624201521757669 
 -25.819542789729577947 18.57635396375550485 
 -26.007184924275499327 18.531993082463248612 
 -26.316794439439458841 18.465451846983579998 
 -26.607639858558382429 18.365639559895974742 
 -26.917249524611726486 18.243646634854581379 
 -27.076745467539730328 18.166014684431406323 
 -27.348826812279682485 18.021840998007011336 
 -27.564615561400263033 17.888757529334117891 
 -27.808550707068913965 17.71131275477278777 
 -28.014957381481274012 17.544958197005879441 
 -28.165071420973607275 17.400784188135340003 
 -28.362096185839533291 17.178977922947865409 
 -28.549738864303300545 16.957171638383400136 
 -28.718617413844821584 16.713184624972242887 
 -28.812438902766160709 16.557920132047495798 
 -28.962553367860031983 16.313933130461151677 
 -29.075139403993293996 16.047765291186863124 
 -29.150196936844874784 15.803778008986082426 
 -29.206490095672155149 15.62633273043060278 
 -29.272165594168001235 15.349074380645458149 
 -29.319076986413875829 15.060725672245116158 
 -29.347224113034414472 14.783467234776857424 
 -29.356606876016396512 14.561660449852094956 
 -29.347225559180813548 14.306582603516744712 
 -29.337844456748971567 13.973872366134893142 
 -29.309698893474081416 13.707704092105373661 
 -29.281553237306276571 13.485897199803506652 
 -29.225261442887159546 13.197548175704712392 
 -29.178351737817273204 12.920289525824671273 
 -29.131442069228132397 12.620850185323158499 
 -29.084532186658691444 12.399043236143437952 
 -29.028240357234988522 12.121784556977175384 
 -28.953184482369923813 11.789074124633092566 
 -28.878128421660143488 11.511815391178148005 
 -28.821836430280878716 11.290008419120614036 
 -28.737398406951527363 10.968388304511655917 
 -28.64357819735944588 10.668948839403284978 
 -28.559140051652192938 10.380599743511075062 
 -28.493465851398720901 10.180973418572660805 
 -28.38088137552899326 9.8815338933795402454 
 -28.25891481943981276 9.5710040029681699991 
 -28.127566174608123362 9.2715644496147504583 
 -28.04312774039586742 9.0719380791988282198 
 -27.89301480102675157 8.7724984551285736245 
 -27.742901869643713297 8.4730588392778845019 
 -27.583406804574657656 8.1847095451823381751 
 -27.45205782030312136 7.9739927083733679325 
 -27.292562665542071443 7.730004794699244286 
 -27.114303259370878152 7.4749264782220450343 
 -26.907897460309545323 7.230938424980037027 
 -26.692109583394660888 6.9758600129473258278 
 -26.588906634892307324 6.8760466763961343162 
 -26.298061934445229326 6.5766067051725745074 
 -26.082273895310422063 6.3658896635250670215 
 -25.800811097521577864 6.1440821208015776733 
 -25.631933397585672907 6.0109975956960504107 
 -25.369234704255315904 5.8224611316129371019 
 -25.115918062889736717 5.6561053786420334433 
 -24.825072987123675716 5.4786592003080709645 
 -24.646813050890493457 5.3788456873929639812 
 -24.346585782728276115 5.2235801794370706475 
 -24.05574059254946917 5.0904953894133102565 
 -23.858716398180042972 5.0017721874713823027 
 -23.558489016785717496 4.8797777232315882046 
 -23.239497427018356746 4.7577832292243300571 
 -22.920505780075750124 4.6579694270329614625 
 -22.676571003260864501 4.5803364894654814421 
 -22.376343585775522627 4.5027034401971608446 
 -22.066733988549572132 4.4361607137801435385 
 -21.728978001696543032 4.3585275821224689352 
 -21.38183988822142112 4.3030751317117310606 
 -21.034701722459594464 4.2587130270291906342 
 -20.781384697272986983 4.2254414761212792939 
 -20.462392892241005882 4.1921698002406930783 
 -20.077726239656154661 4.1699883397870820545 
 -19.721205890675200578 4.1367165974203965462 
 -19.486653047359371982 4.1256257966217315669 
 -19.158279011931867331 4.1145348141259932007 
 -18.801758661720242571 4.103443794905845543 
 -18.47338463729231961 4.1034431809155211823 
 -18.201303319282537529 4.0923523397865029239 
 -17.844782940288578033 4.0923516930898706789 
 -17.478880454200059091 4.0923510454537037617 
 -17.122360097219953445 4.0812600866002224365 
 -16.897189339386091689 4.0812597026038703873 
 -16.540668965344650587 4.0812591047085273743 
 -16.184148593296409757 4.0812585202602615908 
 -15.827628227818442141 4.0812579497296752606 
 -15.639985941212280807 4.0701673107502056581 
 -15.283465555389216917 4.070166754994155589 
 -14.936327300351555536 4.070166229645339584 
 -14.589189040350170501 4.0701657155625756701 
 -14.213904451302461496 4.0590748328405705792 
 -14.026262132269453176 4.0701649070135594854 
 -13.660359662331050146 4.0590740587124036765 
 -13.313221411102771796 4.0590735919946334676 
 -13.106814878176331618 4.0590733187448186925 
 -12.797205081461092036 4.0590729170160990691 
 -12.468831053511831186 4.0590725022156206592 
 -12.140457027685782165 4.0590720979119030432 
 -11.934050496801406283 4.0590718491506274646 
 -11.615058568273628481 4.0701618138867683427 
 -11.296066653807230296 4.0701614467480595749 
 -10.977074731554941067 4.0701610887935277816 
 -10.667464918406258434 4.0812510935193841988 
 -10.470440509090872538 4.0812508871358890161 
 -10.132684369293295745 4.0812505409546799839 
 -9.8512209129625816217 4.0923406026430022564 
 -9.5791395788437547765 4.0923403394154966861 
 -9.2695297722992791023 4.1034303887737433314 
 -9.0537411249802879354 4.1034301912129755863 
 -8.7910418986933969165 4.1034299544969261575 
 -8.4720499868628174056 4.1034296798500626835 
 -8.2093507752264702759 4.0923391213858817395 
 -8.0029442398541874581 4.0923389534817369295 
 -7.7120986809381477656 4.0812483842549198698 
 -7.4306352363228675983 4.0701578306739483182 
 -7.2523750569628147034 4.059067358445042295 
 -6.9990579558064203169 4.0479768384718086693 
 -6.7269766233963972368 4.0479766572037672034 
 -6.4548952928846441424 4.0368861369825026486 
 -6.1828139557052068653 4.0257956233658465095 
 -6.0139358798585575983 4.025795520226163049 
 -5.7418545353679801835 4.0257953589192521093 
 -5.4791553080331585335 4.0257952107191030677 
 -5.3196593511633896156 4.0257951263246312124 
 -5.0288137803124710601 4.0257949756239828076 
 -4.8036430133162175693 4.0257948643765422148 
 -4.5690901334276716739 4.0257947550570811757 
 -4.3157730198606838456 4.0257946417599423938 
 -4.0624559093060543802 4.0257945355253568209 
 -3.9029599530406469121 4.014704128608215683 
 -3.6308786089890947579 4.0147040244883749338 
 -3.4057078475181219446 4.0036136062073310882 
 -3.2274476560443021711 4.0036135467658304776 
 -2.9835126631454849111 3.9925231297395766816 
 -2.7489597806339598485 3.9925230616758824453 
 -2.5331711320230017037 3.9814326649318463325 
 -2.2986182500930478767 3.9814326088850666707 
 -2.0828295985049685157 3.9703422182993435285 
 -1.913951524552575334 3.9703421848951672146 
 -1.6793986432579568469 3.9592518023148914885 
 -1.4542278742027292537 3.9592517664041668723 
 -1.3134961465342454012 3.9592517468503287681 
 -1.0883253799819390117 3.9481613781473701152 
 -0.87253672674124072017 3.9481613599156384353 
 -0.64736595957586151595 3.9370710040166114752 
 -0.51601634320816003321 3.9370709942426227457 
 -0.3002276918834441144 3.9370709859174968237 
 -0.084439037479932754771 3.9370709819444531519 
 0.13134961586762416985 3.9370709839908952787 
 0.26269922925765260002 3.9370709865105588676 
 0.46910576725927283226 3.9370709944830974969 
 0.67551230433873243886 3.9259806633373743878 
 0.87253672863061293441 3.9259806786153679248 
 0.9945042267194950103 3.9370710290192150183 
 1.2102928810622812783 3.9370710533894488492 
 1.379170955337409854 3.9370710769105095039 
 1.54804903267058247 3.9370711019173008083 
 1.7263092240982840231 3.9370711311372224017 
 1.8576588368992545952 3.9481614960701643113 
 2.0171547987659210754 3.9481615261610025769 
 2.1391222966854828158 3.9481615515738082145 
 2.3080003700116997756 3.9592519328476880602 
 2.4768784479855119329 3.9592519748104972876 
 2.6363744046011818867 3.9703423529652290824 
 2.7395776724183367179 3.9703423795047241285 
 2.8896915187680747295 3.9703424233359592144 
 3.0210411281468836364 3.9814328024909100279 
 3.1711549717645217683 3.9814328468305557607 
 3.3118867011000725498 3.9814328919761563519 
 3.4057078509000735522 3.9925232653637046099 
 3.5370574634429052807 3.9925233110391591396 
 3.6777891963293063426 3.9925233651129516943 
 3.8185209243579469884 4.0036137608245399022 
 3.9311063061096387372 4.0036138027086529689 
 4.0249274590484240832 4.0036138406700647607 
 4.1375128413482391565 4.0147042309321587794 
 4.2500982262039634918 4.0147042798991217083 
 4.3626836063383533926 4.0147043250124738734 
 4.475268990326457974 4.0147043755842979351 
 4.5503259069588892771 4.0257947502782363003 
 4.6535291756612302549 4.0257947984530968455 
 4.7567324446992662601 4.0257948477791982711 
 4.822407250915772714 4.0257948798009248748 
 4.9162284054245422027 4.0257949259993548452 
 5.0100495577583750162 4.0257949730729221116 
 5.0944885940299720062 4.0257950154342170279 
 5.1507812875737970515 4.0257950449174408902 
 5.2633666654564450482 4.0368854445659234642 
 5.3102772433761797899 4.0368854696784097769 
 5.3853341658915745427 4.0368855101924125961 
 5.4322447433844667231 4.0368855365055758 
 5.488537433665346299 4.0368855672986700966 
 5.5354480111582393675 4.0368855936118333005 
 5.5729764703853135188 4.0368856127142276335 
 5.6011228081626240893 4.0479759699413433438 
 5.6198870410651213803 4.0479759817139306932 
 5.6198870410651213803 4.0479759817139306932 
 5.629269156151246456 4.0479759873753700106 
 5.6198870410651213803 4.0479759817139306932 
 5.6198870410651213803 4.0479759817139306932 
 5.6105049263086499423 4.0479759765224585522 
 5.6105049268586935085 4.0479759769863665753 
 5.6105049268586935085 4.0479759769863665753 
 5.6105049263086499423 4.0479759765224585522 
 5.6105049263086499423 4.0479759765224585522 
 5.6105049268586935085 4.0479759769863665753 
 5.6105049268586935085 4.0479759769863665753 
 5.6105049268586935085 4.0479759769863665753 
 5.6105049268586935085 4.0479759769863665753 
 5.6105049278442518101 4.0479759773613395168 
 5.6105049278442518101 4.0479759773613395168 
 5.6105049278442518101 4.0479759773613395168 
 5.6105049288298083354 4.0479759781283766173 
 5.6105049288298083354 4.0479759781283766173 
 5.6105049288298083354 4.0479759781283766173 
 5.6105049288298083354 4.0479759781283766173 
 5.6105049288298083354 4.0479759781283766173 
 5.6198870445778768001 4.0479759843760945159 
 5.6105049294917517244 4.0479759787146551986 
 5.6198870445778768001 4.0479759843760945159 
 5.6105049294917517244 4.0479759787146551986 
 5.6198870445778768001 4.0479759843760945159 
 5.6198870445778768001 4.0479759843760945159 
 5.6198870445778768001 4.0479759843760945159 
 5.6198870445778768001 4.0479759843760945159 
 5.6198870445778768001 4.0479759843760945159 
 5.6198870445778768001 4.0479759843760945159 
 5.6198870445778768001 4.0479759843760945159 
 5.6198870445778768001 4.0479759843760945159 
 5.6198870445778768001 4.0479759843760945159 
 5.6198870445778768001 4.0479759843760945159 
 5.6198870435862797734 4.0479759833198478702 
 5.6198870435862797734 4.0479759833198478702 
 5.6198870445778768001 4.0479759843760945159 
 5.6198870445778768001 4.0479759843760945159 
 5.6198870445778768001 4.0479759843760945159 
 5.6198870445778768001 4.0479759843760945159 
 5.6198870445778768001 4.0479759843760945159 
 5.6198870445778768001 4.0479759843760945159 
 5.6198870445778768001 4.0479759843760945159 
 5.6198870445778768001 4.0479759843760945159 
 5.6198870445778768001 4.0479759843760945159 
 5.6198870445778768001 4.0479759843760945159 
 5.6198870445778768001 4.0479759843760945159 
 5.6198870445778768001 4.0479759843760945159 
 5.6198870445778768001 4.0479759843760945159 
 5.6198870445778768001 4.0479759843760945159 
 5.6198870455634351018 4.0479759851431316164 
 5.6198870455634351018 4.0479759851431316164 
 5.6198870455634351018 4.0479759851431316164 
 5.6198870455634351018 4.0479759851431316164 
 5.6198870455634351018 4.0479759851431316164 
 5.6198870455634351018 4.0479759851431316164 
 5.6198870455634351018 4.0479759851431316164 
 5.6198870455634351018 4.0479759851431316164 
 5.6198870455634351018 4.0479759851431316164 
 5.6198870455634351018 4.0479759851431316164 
 5.6198870462193379893 4.0479759850481373817 
 5.6198870462193379893 4.0479759850481373817 
 5.6198870462193379893 4.0479759850481373817 
 5.6198870462193379893 4.0479759850481373817 
 5.6198870462193379893 4.0479759850481373817 
 5.6198870462193379893 4.0479759850481373817 
 5.6198870462193379893 4.0479759850481373817 
 5.6198870462193379893 4.0479759850481373817 
 5.6198870462193379893 4.0479759850481373817 
 5.6198870462193379893 4.0479759850481373817 
 5.6198870462193379893 4.0479759850481373817 
 5.6198870462193379893 4.0479759850481373817 
 5.6198870462193379893 4.0479759850481373817 
 5.6198870462193379893 4.0479759850481373817 
 5.6198870462193379893 4.0479759850481373817 
 5.6198870462193379893 4.0479759850481373817 
 5.6198870462193379893 4.0479759850481373817 
 5.6198870462193379893 4.0479759850481373817 
 5.6198870462193379893 4.0479759850481373817 
 5.6198870462193379893 4.0479759850481373817 
 5.6198870462193379893 4.0479759850481373817 
 5.6198870462193379893 4.0479759850481373817 
 5.6198870462193379893 4.0479759850481373817 
 5.6198870462193379893 4.0479759850481373817 
 5.6198870462193379893 4.0479759850481373817 
 5.6198870462193379893 4.0479759850481373817 
 5.6198870462193379893 4.0479759850481373817 
 5.6198870462193379893 4.0479759850481373817 
 5.6198870462193379893 4.0479759850481373817 
 5.6198870462193379893 4.0479759850481373817 
 5.6198870462193379893 4.0479759850481373817 
 5.6198870462193379893 4.0479759850481373817 
 5.6198870455634351018 4.0479759851431316164 
 5.6198870455634351018 4.0479759851431316164 
 5.6198870455634351018 4.0479759851431316164 
 5.6198870455634351018 4.0479759851431316164 
 5.6198870455634351018 4.0479759851431316164 
 5.6198870455634351018 4.0479759851431316164 
 5.6198870455634351018 4.0479759851431316164 
 5.6198870455634351018 4.0479759851431316164 
 5.6198870455634351018 4.0479759851431316164 
 5.6198870455634351018 4.0479759851431316164 
 5.6198870455634351018 4.0479759851431316164 
 5.6198870455634351018 4.0479759851431316164 
 5.6198870455634351018 4.0479759851431316164 
 5.6198870455634351018 4.0479759851431316164 
 5.6198870455634351018 4.0479759851431316164 
 5.6198870455634351018 4.0479759851431316164 
 5.6198870455634351018 4.0479759851431316164 
 5.6198870455634351018 4.0479759851431316164 
 5.6198870455634351018 4.0479759851431316164 
 5.6198870455634351018 4.0479759851431316164 
 5.6198870455634351018 4.0479759851431316164 
 5.6198870455634351018 4.0479759851431316164 
 5.6198870455634351018 4.0479759851431316164 
 5.6198870455634351018 4.0479759851431316164 
 5.6198870455634351018 4.0479759851431316164 
 5.6198870455634351018 4.0479759851431316164 
 5.6198870445778768001 4.0479759843760945159 
 5.6198870445778768001 4.0479759843760945159 
 5.6198870445778768001 4.0479759843760945159 
 5.6198870445778768001 4.0479759843760945159 
 5.6198870445778768001 4.0479759843760945159 
 5.6198870445778768001 4.0479759843760945159 
 5.6198870445778768001 4.0479759843760945159 
 5.6198870445778768001 4.0479759843760945159 
 5.6198870435862797734 4.0479759833198478702 
 5.6198870435862797734 4.0479759833198478702 
 5.6198870435862797734 4.0479759833198478702 
 5.6198870435862797734 4.0479759833198478702 
 5.6198870435862797734 4.0479759833198478702 
 5.6198870435862797734 4.0479759833198478702 
 5.629269158890163105 4.047975988936820535 
 5.629269158890163105 4.047975988936820535 
 5.6292691579046048034 4.0479759881697834345 
 5.6292691579046048034 4.0479759881697834345 
 5.6292691579046048034 4.0479759881697834345 
 5.6292691579046048034 4.0479759881697834345 
 5.6292691579046048034 4.0479759881697834345 
 5.6292691579046048034 4.0479759881697834345 
 5.6292691569190473899 4.0479759877948104929 
 5.6292691569190473899 4.0479759877948104929 
 5.6292691569190473899 4.0479759877948104929 
 5.6292691569190473899 4.0479759877948104929 
 5.6292691569190473899 4.0479759877948104929 
 5.629269156151246456 4.0479759873753700106 
 5.629269156151246456 4.0479759873753700106 
 5.629269156151246456 4.0479759873753700106 
 5.629269156151246456 4.0479759873753700106 
 5.629269156151246456 4.0479759873753700106 
 5.629269156151246456 4.0479759873753700106 
 5.629269156151246456 4.0479759873753700106 
 5.629269155383445522 4.0479759865638662575 
 5.629269155383445522 4.0479759865638662575 
 5.629269155383445522 4.0479759865638662575 
 5.629269155383445522 4.0479759865638662575 
 5.629269155383445522 4.0479759865638662575 
 5.629269155383445522 4.0479759865638662575 
 5.629269154285989174 4.0479759856744577107 
 5.629269154285989174 4.0479759856744577107 
 5.629269154285989174 4.0479759856744577107 
 5.629269154285989174 4.0479759856744577107 
 5.629269154285989174 4.0479759856744577107 
 5.629269154285989174 4.0479759856744577107 
 5.629269155383445522 4.0479759865638662575 
 5.629269155383445522 4.0479759865638662575 
 5.629269154285989174 4.0479759856744577107 
 5.629269154285989174 4.0479759856744577107 
 5.629269154285989174 4.0479759856744577107 
 5.629269154285989174 4.0479759856744577107 
 5.629269154285989174 4.0479759856744577107 
 5.629269154285989174 4.0479759856744577107 
 5.629269154285989174 4.0479759856744577107 
 5.629269154285989174 4.0479759856744577107 
 5.629269154285989174 4.0479759856744577107 
 5.629269154285989174 4.0479759856744577107 
 5.629269154285989174 4.0479759856744577107 
 5.629269154285989174 4.0479759856744577107 
 5.629269154285989174 4.0479759856744577107 
 5.6292691606722318198 4.0368856445806589051 
 5.6292691606722318198 4.0368856445806589051 
 5.6292691606722318198 4.0368856445806589051 
 5.6292691606722318198 4.0368856445806589051 
 5.629269154285989174 4.0479759856744577107 
 5.6292691534062910819 4.0479759847405825113 
 5.6292691534062910819 4.0479759847405825113 
 5.6292691534062910819 4.0479759847405825113 
 5.6292691534062910819 4.0479759847405825113 
 5.6292691589128338592 4.0368856427129085063 
 5.6292691527503881943 4.047975984835576746 
 5.6292691527503881943 4.047975984835576746 
 5.6292691527503881943 4.047975984835576746 
 5.6292691527503881943 4.047975984835576746 
 5.6292691527503881943 4.047975984835576746 
 5.6292691516529327345 4.0479759839461681992 
 5.6292691516529327345 4.0479759839461681992 
 5.6292691506673744328 4.0479759831791319868 
 5.6292691506673744328 4.0479759831791319868 
 5.6292691506673744328 4.0479759831791319868 
 5.6292691506673744328 4.0479759831791319868 
 5.6292691506673744328 4.0479759831791319868 
 5.6292691506673744328 4.0479759831791319868 
 5.6292691506673744328 4.0479759831791319868 
 5.6292691506673744328 4.0479759831791319868 
 5.6292691506673744328 4.0479759831791319868 
 5.6292691506673744328 4.0479759831791319868 
 5.6292691506673744328 4.0479759831791319868 
 5.6292691506673744328 4.0479759831791319868 
 5.6292691506673744328 4.0479759831791319868 
 5.6292691506673744328 4.0479759831791319868 
 5.6292691506673744328 4.0479759831791319868 
 5.6292691506673744328 4.0479759831791319868 
 5.6292691506673744328 4.0479759831791319868 
 5.6292691506673744328 4.0479759831791319868 
 5.6292691506673744328 4.0479759831791319868 
 5.6292691506673744328 4.0479759831791319868 
 5.6292691506673744328 4.0479759831791319868 
 5.6292691506673744328 4.0479759831791319868 
 5.6292691501173308666 4.0479759827152239637 
 5.6292691501173308666 4.0479759827152239637 
 5.6292691501173308666 4.0479759827152239637 
 5.6292691501173308666 4.0479759827152239637 
 5.6292691501173308666 4.0479759827152239637 
 5.6292691501173308666 4.0479759827152239637 
 5.6292691501173308666 4.0479759827152239637 
 5.6292691501173308666 4.0479759827152239637 
 5.6292691501173308666 4.0479759827152239637 
 5.6292691501173308666 4.0479759827152239637 
 5.6292691501173308666 4.0479759827152239637 
