 -1.1866139928290442285e-10 -2.283291633022044298e-10 
 0.0093821173341492487829 -1.4423018074999349736e-10 
 0.028146348809488845599 0.011090341370649054939 
 0.056292692432655062895 0.011090341770872026023 
 0.12196750022650754142 0.011090341710958656618 
 0.19702442219318042071 0.011090343885455515235 
 0.2814634593693083886 0.011090346144424259936 
 0.41281307524503535467 0.01109035034362080771 
 0.55354480170456610288 0.022180697330523638927 
 0.69427652997025868231 0.022180706482505679195 
 0.9100651816043097142 0.022180724055453425458 
 1.088325371423882082 0.033271081885525098654 
 1.3322603681728319991 0.033271111107902671955 
 1.5480490158283743973 0.044361484467460861325 
 1.8295124709789418738 0.055451871281798265079 
 2.1391222728396974695 0.066542274790724192934 
 2.4018214914152760109 0.088723016099142945623 
 2.7489597505636669261 0.099813445783821730384 
 3.0398053159105429266 0.12199421080838018794 
 3.3681793401048261138 0.13308465835807242739 
 3.7809924079734251734 0.14417514654465990454 
 4.2031875847923405587 0.15526565681748674685 
 4.5503258445410654787 0.15526580910331874708 
 5.0288137135755448526 0.16635638078237499626 
 5.4322446637994561414 0.17744693314571571841 
 5.9388788732461827991 0.18853756293646292685 
 6.3704561649734108286 0.19962816976798572477 
 6.8958545922987344312 0.22180920118052754875 
 7.3086676408045985198 0.23289983733995317516 
 7.84344817415233031 0.26617126536999885511 
 8.3219360202295469264 0.2883523352071125645 
 8.8848629014072155741 0.3105335025797039683 
 9.3258222958752590159 0.32162424574631409691 
 9.8981313059454176795 0.33271513901913885025 
 10.470440315701464939 0.34380606442593680816 
 10.958310286556548263 0.3548969309162532948 
 11.446180252939102573 0.36598782000828389283 
 12.046635610034758912 0.3659885273771268932 
 12.543887698698625854 0.37707948284914427628 
 13.163107285658064427 0.37708028164178747366 
 13.669741506182024438 0.36599062263562176511 
 14.298343271561803292 0.34381082434385512592 
 14.936327137785360364 0.31054073890336597596 
 15.433579308148862808 0.26618013330473561107 
 15.99650631657517863 0.21072931654695115089 
 16.653254542601985122 0.11091732687531902224 
 17.310002822069218809 1.5036923059281309678e-05 
 17.816637260449638802 -0.12197781802648935412 
 18.473385624037607755 -0.2772413925699434567 
 19.036312859655708962 -0.43250510372565104111 
 19.674297119208645768 -0.63212999858427154631 
 20.209078110084917057 -0.80957438188177699434 
 20.818916058703781147 -0.99810891915962418608 
 21.344314918577765638 -1.1644629182824588476 
 21.972917152758739689 -1.3751780249260319167 
 22.48893396618985463 -1.5526223260314602204 
 23.145682661204332931 -1.7744276371480176557 
 23.633553062251703381 -1.9186009191144561825 
 24.262155453338202449 -2.1293158855532503537 
 24.778172298525976913 -2.2956697256586942046 
 25.416156716154592488 -2.4731135672155106775 
 25.941555713509199421 -2.6283769833882049127 
 26.579540120813618387 -2.7836400689950431264 
 27.189378107275349095 -2.9056321710431043392 
 27.714776925986640777 -2.9943534440605779068 
 28.277704162028857837 -3.0608939017675549366 
 28.925070489986818956 -3.1274340858774580809 
 29.544290391528033268 -3.1717936286445125305 
 30.07907113805091015 -3.1828823658718339296 
 30.613851893103809942 -3.1939710748843754828 
 31.261217994082919347 -3.1828787228789465757 
 31.795998628208451464 -3.1496060078717516006 
 32.433982507634503634 -3.0941522502737868194 
 33.071966231931156699 -3.0054274259562023808 
 33.597364495810211338 -2.9056126018342278705 
 34.122762739065898074 -2.7836170720984223514 
 34.741981950495954834 -2.6283501625509879673 
 35.361201025213752303 -2.4287218524440916667 
 35.839688403761712721 -2.2623650324561528357 
 36.44014309320667877 -2.029465702194269916 
 36.937394432239287312 -1.7854763779439748461 
 37.490938087527482026 -1.4527640899936486996 
 37.884985948464013461 -1.1755040817676447595 
 38.363472287550507644 -0.76515964558752258551 
 38.729373387736544032 -0.39917698883693486511 
 39.07651001420955339 0.011166974499505800955 
 39.433028443203966162 0.49914336838232731264 
 39.742636113605286141 1.0425712947366481131 
 39.958422931602456174 1.486185785381404223 
 40.20235548961665728 2.0739748235542920796 
 40.389995551827702513 2.5952215897795820609 
 40.577635176068007183 3.2384621117530096868 
 40.690218490250487093 3.7375279045600819927 
 40.802801092967428076 4.4029488075992659901 
 40.868473529674666622 4.9685564510196780219 
 40.924763343575861541 5.6561578029309771409 
 40.934143090999334902 6.2217652137524570577 
 40.934140265336175446 6.920456687565712528 
 40.90599118922151689 7.5969673633674021929 
 40.868460401748777144 8.1625745813681227503 
 40.793400526950804874 8.8945367608063943266 
 40.718341284657611823 9.4601438168802580719 
 40.605753393193090517 10.114473474946926501 
 40.474401558915424459 10.680080306402672363 
 40.305520909773598248 11.356590403813223489 
 40.136640841592907236 11.888926066867236742 
 39.902085668982365974 12.543255247240146844 
 39.676913169410063631 13.064500384313610937 
 39.39544785282662076 13.641197008921581713 
 39.095218647495713071 14.1402611764318209 
 38.719932453245327508 14.694776767286471753 
 38.391557363669164715 15.105118126947051138 
 37.95059705315512133 15.537639767416813186 
 37.47210840033504553 15.947980581194096672 
 37.04991278102706076 16.247418210938725736 
 36.608953192376091579 16.502494444206430302 
 36.055408401093771431 16.757570276521526864 
 35.586302814352777091 16.923923695865219941 
 35.117197473081887438 17.034825449181276724 
 34.544889237111114255 17.112455878581819491 
 34.075784265407065732 17.123544617191512884 
 33.390891214075736571 17.07918095586264684 
 32.959314890919834795 17.001547123198641032 
 32.508974495633182755 16.879551879567813444 
 31.983577561020101854 16.668833675643615067 
 31.458180762839230482 16.424844505235892456 
 31.03598703457919683 16.180855682371387161 
 30.529354607134262523 15.859234223532837404 
 30.14468930704845917 15.581974513993651854 
 29.713113595883601903 15.271443666060612543 
 29.215863339919511787 14.883280237311520722 
 28.699848846648556844 14.506207140738101913 
 28.277655133612366711 14.206766733317529372 
 27.771022570677107666 13.862964729719188028 
 27.292536174129971016 13.563524200144655651 
 26.720228781140221486 13.230812404793045545 
 26.241742194201702176 12.975733283578533062 
 25.735109225938398225 12.742834801438814196 
 25.106508947097669449 12.487755355718206829 
 24.459144421819310367 12.254856607619995401 
 23.914982818435309042 12.088500181185882099 
 23.352056932591867877 11.95541477298506905 
 22.667163685404773332 11.822329122966591441 
 21.991652358421447389 11.744695224073385731 
 21.40996199418881929 11.711422949528163429 
 20.687539981373234355 11.700331079140475765 
 20.06832105827499646 11.722510497173248112 
 19.374045251610532148 11.766870484996694302 
 18.642240946777157262 11.855591809646654156 
 18.041786101040322876 11.966494128512158213 
 17.450713294418935817 12.099577155277868812 
 16.737673056651971137 12.299202065161081165 
 16.155982320232542548 12.487736900930212158 
 15.461706279042692458 12.742813655113767624 
 14.889397647230669719 12.964619606833355903 
 14.204503696702758475 13.264057815840306631 
 13.650959278738129754 13.519134883762186305 
 12.975447489411404689 13.829663531130751863 
 12.440667350400172353 14.07365034718271346 
 11.755773505946065072 14.384179031692063688 
 11.155318687815480416 14.661436872692622302 
 10.451660749158065755 14.960875299481458001 
 9.8605881138229420912 15.215952527946308592 
 9.1663123954064360532 15.482120043607018545 
 8.4438903966014002833 15.759377914658472264 
 7.8340537108935635047 15.959003554159597371 
 7.1773065549438070931 16.158629209155268569 
 6.4361205422647964625 16.324983816811453607 
 5.648024079147371701 16.446977081709849955 
 5.0006591573222749503 16.513518774388337818 
 4.3532942649406161095 16.535699149360603144 
 3.5182873925288280503 16.513518106611691394 
 2.7583373373127924033 16.446975839102979222 
 2.0922082760137863389 16.336072267829582216 
 1.3134940081973496273 16.158626672232838217 
 0.68489331602789604858 15.981181117311114903 
 -0.065674701395110446356 15.737193565375763527 
 -0.63798284054297260681 15.515386774674825077 
 -1.3697867328702293399 15.204857316882797846 
 -1.9514770394294860267 14.949779564095621254 
 -2.5519315842255059223 14.661430824934091888 
 -3.2462071998143930962 14.317630445394566863 
 -3.461995577366984822 14.206727110996244079 
 -3.5839629233218111004 14.140185105759247364 
 -5.4885301298635988942 13.186416642195769811 
 -8.8754704359859690754 11.844487851356230834 
 -11.455549493517057869 11.456328548951166368 
 -14.504732409619970568 12.110662574623656695 
 -16.005867863673714169 12.809356322649387394 
 -17.019134052576628591 13.341694331238651117 
 -17.713409006250479649 13.707676797938706414 
 -18.323245057197581787 14.018207423995633576 
 -18.820496014443296673 14.251105502553215842 
 -19.420950062460430985 14.484003806106745316 
 -20.040168345630512192 14.683631157209735107 
 -20.556183674868115929 14.78344525038709989 
 -21.072199109523175764 14.84998837845217956 
 -21.719564069849333521 14.849989757049662842 
 -22.320018707378853406 14.772358694434597481 
 -22.817270309300830888 14.661456405258782354 
 -23.398961042867732374 14.450741255427260512 
 -23.839920370108693248 14.217845146410841295 
 -24.346554738784384142 13.874045832226684638 
 -24.69369327122932134 13.563517140369530267 
 -25.087742665848825396 13.119904486514920805 
 -25.369206783883292644 12.720652945077421947 
 -25.650671220320983679 12.188317299880701228 
 -25.828932432628441518 11.711433116276113608 
 -25.950901313738413023 11.156916436844230844 
 -26.007195248987212466 10.668941606431674884 
 -26.016578974120186274 10.070063257227415576 
 -25.988434029715413942 9.559907525897306968 
 -25.913378793923143917 8.9388482505741588824 
 -25.838323264697191206 8.4286923832295190806 
 -25.706975304039236363 7.829813645204977135 
 -25.57562715669171638 7.3085673025963187044 
 -25.387986655932227364 6.6653270681085876603 
 -25.190963758403878359 6.1218998788332452676 
 -24.937648381184878588 5.5119305161484186684 
 -24.646804422797629286 4.9352320807015264137 
 -24.355960210475316785 4.4472563780867782057 
 -23.98067707768494472 3.892738429069458661 
 -23.64292208778723392 3.4602143356687684594 
 -23.220728211540585306 2.9722383552651474581 
 -22.826680415067070129 2.5729851819119033962 
 -22.329429439643718069 2.1182800866099738002 
 -21.879088767637924207 1.7744785268165368386 
 -21.269252243422066329 1.3752249430946381636 
 -20.80014705657831442 1.1201461169401050189 
 -20.190310244052962929 0.82070566466018179952 
 -19.61800170441663127 0.59889770850308610139 
 -18.933107756063197513 0.38817991318309363891 
 -18.351416887305706638 0.25509473515743030791 
 -17.66652272909506749 0.13309975128402615208 
 -16.934717900776824706 0.044375756409737482366 
 -16.343644701067169933 0.011103747199702258819 
 -15.733807247293000842 -0.011077916758525971352 
 -14.973855913089382241 -0.011079088048590802346 
 -14.288961499263223232 -0.011080094887182173613 
 -13.697888221342036985 9.4162964563715423338e-06 
 -12.975465368089116325 -0.011081891383618314162 
 -12.384392109514415381 -0.011082643470583929124 
 -11.652587133844098943 -0.011083526079623741423 
 -11.070895991006711512 -0.011084189962823860071 
 -10.320326757693912612 5.3447536511874726983e-06 
 -9.7011071642401311976 4.7229789348086220757e-06 
 -8.9317737140526958228 4.0029487193751073226e-06 
 -8.2562614159875646891 3.4207388605357602618e-06 
 -7.5056922025602021975 2.82740594649208421e-06 
 -6.7551229892809203648 -0.011088050881874131348 
 -6.0608464655125589005 -0.011088497212951138604 
 -5.2539845559816820142 -0.011088955793924461929 
 -4.5878543799887596677 -0.022179625304602140073 
 -3.8091388159447769901 -0.033270293179197461819 
 -3.1430086344597438774 -0.044360866483197550214 
 -2.3455288335536557121 -0.055451427444572501391 
 -1.698162878001031828 -0.06654189907269035531 
 -0.92882942013331770692 -0.077632342112279845159 
 -0.30022769066038468289 -0.077632380785270099777 
 0.40343096238787656826 -0.077632377516648712334 
 1.0414148102390707873 -0.07763233074055299332 
 1.7544555789018994041 -0.07763223060544548193 
 2.3267646122392546815 -0.0665417723098562508 
 2.9835126903439799229 -0.066541597335925919965 
 3.6496428835019671943 -0.066541375660924273472 
 4.1844234657759740159 -0.066541165538818641823 
 4.6910576985592422616 -0.077631280909199101847 
 5.3102773245818291059 -0.088721310573219733242 
 5.85444001807071146 -0.088721005611289677217 
 6.2672531017202226522 -0.088720754809329366308 
 6.7175946394302723519 -0.08872046134206409973 
 7.0459686759385471433 -0.088720233821369842708 
 7.3931069471888335443 -0.088719982795016416599 
 7.6182777082400896518 -0.077629472910394126117 
 7.8715948248090299444 -0.077629275809681624887 
 8.0310907881303474909 -0.077629148653876656194 
 8.1436761754743063335 -0.077629057234492565565 
 8.2281152160136592499 -0.077628988030030848799 
 8.2656436806694379982 -0.077628956875503585255 
 8.2562615653058166743 -0.077628964987773024786 
 8.246879451254775617 -0.077628973077632584809 
 8.2468794527193267641 -0.077628972759857778341 
 8.246879451254775617 -0.077628973077632584809 
 8.246879451254775617 -0.077628973077632584809 
 8.2468794527193267641 -0.077628972759857778341 
 8.2468794540719798647 -0.077628972564455112071 
 8.2468794540719798647 -0.077628972564455112071 
 8.2562615692579193194 -0.07762896501885271916 
 8.2562615707224704664 -0.077628964701077912691 
 8.2562615707224704664 -0.077628964701077912691 
 8.2656436868913321092 -0.077628956818907468573 
 8.2656436766319956178 -0.066538615325281658119 
 8.2656436868913321092 -0.077628956818907468573 
 8.2656436777668922389 -0.06653861547747551286 
 8.2656436766319956178 -0.066538615325281658119 
 8.2750257918179350725 -0.066538607779679265208 
 8.2750257904652801955 -0.066538607975082167401 
 8.2750257904652801955 -0.066538607975082167401 
 8.2750257890007290484 -0.066538608292856973869 
 8.2750257995897200658 -0.077628949316514123113 
 8.2750257981251689188 -0.077628949634288929582 
 8.2750257981251689188 -0.077628949634288929582 
 8.2750257972080287772 -0.077628949134498775875 
 8.2750257972080287772 -0.077628949134498775875 
 8.2750257956376174207 -0.077628949285434400984 
 8.2750257943908245295 -0.077628949647675998813 
 8.2750257956376174207 -0.077628949285434400984 
 8.2750257943908245295 -0.077628949647675998813 
 8.2750257931500676989 -0.077628948936580149942 
 8.2750257840256278286 -0.066538607595148208107 
 8.2750257840256278286 -0.066538607595148208107 
 8.2750257931500676989 -0.077628948936580149942 
 8.2750257943908245295 -0.077628949647675998813  
 8.2750257956376174207 -0.077628949285434400984 
 8.2750257956376174207 -0.077628949285434400984 
 8.2750257956376174207 -0.077628949285434400984 
 8.2750257943908245295 -0.077628949647675998813 
 8.2750257931500676989 -0.077628948936580149942 
 8.2750257917974145982 -0.077628949131983038257 
 8.2750257903328634512 -0.077628949449757872481 
 8.2750257894157233096 -0.077628948949967468973 
