 88.9892578125
 89.000244140625
 89.000244140625
 89.000244140625
 89.000244140625
 88.9892578125
 88.9892578125
 89.000244140625
 89.000244140625
 89.000244140625
 89.000244140625
 89.000244140625
 89.000244140625
 89.000244140625
 89.000244140625
 89.000244140625
 89.000244140625
 89.000244140625
 89.000244140625
 89.000244140625
 89.000244140625
 89.000244140625
 89.000244140625
 89.000244140625
 89.000244140625
 89.000244140625
 89.000244140625
 89.000244140625
 89.000244140625
 89.000244140625
 89.000244140625
 89.000244140625
 89.000244140625
 89.000244140625
 89.000244140625
 89.000244140625
 89.000244140625
 89.000244140625
 89.000244140625
 89.000244140625
 89.000244140625
 89.000244140625
 89.000244140625
 89.000244140625
 89.000244140625
 89.000244140625
 89.000244140625
 89.000244140625
 89.000244140625
 89.000244140625
 89.000244140625
 89.000244140625
 89.000244140625
 89.000244140625
 89.000244140625
 89.000244140625
 89.000244140625
 89.000244140625
 89.000244140625
 89.000244140625
 89.000244140625
 89.000244140625
 89.000244140625
 89.000244140625
 89.000244140625
 89.000244140625
 89.000244140625
 89.000244140625
 89.000244140625
 89.000244140625
 89.000244140625
 89.000244140625
 89.000244140625
 89.000244140625
 89.000244140625
 89.000244140625
 89.000244140625
 89.000244140625
 89.000244140625
 89.000244140625
 89.000244140625
 89.000244140625
 89.01123046875
 89.000244140625
 89.000244140625
 89.000244140625
 89.000244140625
 89.000244140625
 89.000244140625
 89.000244140625
 89.000244140625
 89.000244140625
 89.000244140625
 89.000244140625
 89.000244140625
 89.000244140625
 89.000244140625
 89.000244140625
 89.000244140625
 89.000244140625
 89.000244140625
 89.000244140625
 89.000244140625
 89.000244140625
 89.000244140625
 89.000244140625
 89.000244140625
 89.000244140625
 89.000244140625
 89.000244140625
 89.000244140625
 89.000244140625
 89.000244140625
 89.000244140625
 89.000244140625
 89.000244140625
 89.000244140625
 89.000244140625
 89.000244140625
 88.9892578125
 89.000244140625
 89.000244140625
 89.000244140625
 89.000244140625
 89.000244140625
 89.000244140625
 89.000244140625
 89.000244140625
 89.000244140625
 88.9892578125
 88.9892578125
 88.9892578125
 88.9892578125
 88.9892578125
 88.9892578125
 88.9892578125
 88.9892578125
 88.9892578125
 88.9892578125
 88.9892578125
 88.9892578125
 89.000244140625
 89.000244140625
 89.000244140625
 89.000244140625
 89.000244140625
 89.000244140625
 89.000244140625
 89.000244140625
 89.000244140625
 89.000244140625
 89.000244140625
 88.9892578125
 88.9892578125
 88.9892578125
 89.000244140625
 89.000244140625
 89.000244140625
 89.000244140625
 89.000244140625
 89.000244140625
 89.000244140625
 89.000244140625
 89.000244140625
 89.000244140625
 89.000244140625
 89.000244140625
 89.000244140625
 88.9892578125
 88.9892578125
 88.9892578125
 88.9892578125
 88.9892578125
 88.9892578125
 88.9892578125
 89.000244140625
 88.9892578125
 89.000244140625
 88.9892578125
 89.000244140625
 89.000244140625
 88.9892578125
 88.9892578125
 88.9892578125
 88.9892578125
 88.9892578125
 88.9892578125
 88.9892578125
 88.9892578125
 88.9892578125
 88.9892578125
 88.9892578125
 88.9892578125
 88.9892578125
 88.9892578125
 88.9892578125
 89.000244140625
 89.000244140625
 88.9892578125
 88.9892578125
 89.000244140625
 89.000244140625
 88.9892578125
 88.9892578125
 88.9892578125
 88.9892578125
 88.9892578125
 88.9892578125
 88.9892578125
 88.9892578125
 88.9892578125
 89.000244140625
 89.000244140625
 89.000244140625
 89.000244140625
 89.000244140625
 89.000244140625
 89.000244140625
 89.000244140625
 89.000244140625
 89.000244140625
 89.000244140625
 89.000244140625
 89.000244140625
 89.000244140625
 89.000244140625
 89.000244140625
 89.000244140625
 89.000244140625
 89.000244140625
 88.9892578125
 88.9892578125
 88.9892578125
 88.9892578125
 88.9892578125
 88.9892578125
 88.9892578125
 88.9892578125
 88.9892578125
 88.9892578125
 88.9892578125
 88.9892578125
 88.9892578125
 88.9892578125
 88.9892578125
 88.9892578125
 88.9892578125
 88.9892578125
 88.9892578125
 88.9892578125
 88.9892578125
 88.9892578125
 89.000244140625
 88.9892578125
 89.000244140625
 89.000244140625
 89.000244140625
 88.9892578125
 89.000244140625
 89.000244140625
 89.000244140625
 89.000244140625
 89.000244140625
 89.000244140625
 88.9892578125
 88.9892578125
 88.9892578125
 89.000244140625
 89.000244140625
 89.000244140625
 89.000244140625
 89.000244140625
 89.000244140625
 89.000244140625
 89.000244140625
 89.000244140625
 89.000244140625
 89.000244140625
 89.000244140625
 89.000244140625
 89.000244140625
 89.000244140625
 89.000244140625
 89.000244140625
 89.000244140625
 89.000244140625
 89.000244140625
 89.000244140625
 88.9892578125
 88.9892578125
 89.000244140625
 88.978271484375
 88.978271484375
 88.956298828125
 88.9013671875
 88.87939453125
 88.846435546875
 88.780517578125
 88.692626953125
 88.582763671875
 88.48388671875
 88.494873046875
 88.341064453125
 88.187255859375
 88.099365234375
 88.011474609375
 87.91259765625
 87.813720703125
 87.69287109375
 87.60498046875
 87.5390625
 87.440185546875
 87.330322265625
 87.264404296875
 87.154541015625
 87.03369140625
 86.868896484375
 86.759033203125
 86.7041015625
 86.583251953125
 86.605224609375
 86.68212890625
 86.748046875
 86.978759765625
 87.198486328125
 87.440185546875
 87.703857421875
 87.890625
 88.1103515625
 88.39599609375
 88.582763671875
 88.83544921875
 89.033203125
 89.23095703125
 89.329833984375
 89.40673828125
 89.307861328125
 89.088134765625
 88.92333984375
 88.648681640625
 88.35205078125
 88.06640625
 87.890625
 87.56103515625
 87.36328125
 87.20947265625
 87.03369140625
 86.978759765625
 87.022705078125
 87.25341796875
 87.42919921875
 87.5830078125
 87.769775390625
 87.95654296875
 88.143310546875
 88.319091796875
 88.41796875
 88.560791015625
 88.736572265625
 88.868408203125
 89.044189453125
 89.219970703125
 89.40673828125
 89.505615234375
 89.71435546875
 89.989013671875
 90.340576171875
 90.648193359375
 91.1865234375
 91.7138671875
 92.230224609375
 92.65869140625
 93.18603515625
 94.04296875
 94.779052734375
 95.548095703125
 96.064453125
 97.042236328125
 97.93212890625
 99.041748046875
 99.700927734375
 100.72265625
 101.788330078125
 102.48046875
 103.458251953125
 104.47998046875
 105.260009765625
 106.160888671875
 106.578369140625
 107.061767578125
 107.3583984375
 107.46826171875
 107.698974609375
 107.95166015625
 108.17138671875
 108.424072265625
 108.69873046875
 108.819580078125
 108.951416015625
 108.96240234375
 108.896484375
 108.74267578125
 108.544921875
 108.34716796875
 108.12744140625
 107.874755859375
 107.479248046875
 106.973876953125
 106.3916015625
 106.007080078125
 105.380859375
 104.7216796875
 104.21630859375
 103.194580078125
 102.205810546875
 101.151123046875
 100.01953125
 99.20654296875
 98.26171875
 97.130126953125
 96.1962890625
 95.4931640625
 94.515380859375
 93.548583984375
 92.6806640625
 91.7138671875
 91.131591796875
 90.230712890625
 89.373779296875
 88.74755859375
 87.791748046875
 86.693115234375
 85.330810546875
 84.35302734375
 83.12255859375
 81.76025390625
 80.430908203125
 79.617919921875
 78.28857421875
 77.025146484375
 75.838623046875
 74.9267578125
 73.839111328125
 72.57568359375
 71.4111328125
 70.191650390625
 69.2578125
 67.291259765625
 65.32470703125
 62.86376953125
 61.402587890625
 58.985595703125
 56.3818359375
 54.700927734375
 52.152099609375
 49.39453125
 46.702880859375
 44.022216796875
 41.3525390625
 39.66064453125
 36.968994140625
 34.27734375
 32.574462890625
 29.871826171875
 27.79541015625
 25.872802734375
 23.829345703125
 22.401123046875
 20.665283203125
 18.544921875
 16.6552734375
 15.435791015625
 13.677978515625
 11.93115234375
 10.360107421875
 8.690185546875
 7.635498046875
 6.1083984375
 4.603271484375
 3.702392578125
 2.35107421875
 0.977783203125
 -0.120849609375
 -0.955810546875
 -1.8896484375
 -2.691650390625
 -3.49365234375
 -4.54833984375
 -5.07568359375
 -6.185302734375
 -7.239990234375
 -8.360595703125
 -9.151611328125
 -10.469970703125
 -11.5576171875
 -12.799072265625
 -14.0625
 -14.930419921875
 -16.36962890625
 -17.808837890625
 -18.7646484375
 -20.478515625
 -22.0166015625
 -23.961181640625
 -25.7080078125
 -27.059326171875
 -29.091796875
 -31.519775390625
 -33.431396484375
 -35.15625
 -37.540283203125
 -40.198974609375
 -42.923583984375
 -44.659423828125
 -47.186279296875
 -50.009765625
 -52.833251953125
 -54.64599609375
 -57.557373046875
 -60.556640625
 -63.621826171875
 -65.906982421875
 -68.75244140625
 -72.26806640625
 -75.179443359375
 -78.101806640625
 -80.123291015625
 -83.572998046875
 -86.46240234375
 -89.923095703125
 -91.878662109375
 -94.94384765625
 -98.06396484375
 -100.04150390625
 -102.89794921875
 -106.0400390625
 -109.09423828125
 -111.9287109375
 -114.521484375
 -115.99365234375
 -118.125
 -119.981689453125
 -121.0693359375
 -122.80517578125
 -124.178466796875
 -125.44189453125
 -126.49658203125
 -127.08984375
 -127.50732421875
 -127.4853515625
 -127.056884765625
 -126.661376953125
 -125.9033203125
 -125.035400390625
 -124.12353515625
 -123.497314453125
 -122.54150390625
 -121.256103515625
 -120.16845703125
 -119.267578125
 -118.004150390625
 -116.71875
 -115.345458984375
 -114.43359375
 -113.126220703125
 -111.5771484375
 -110.247802734375
 -109.171142578125
 -107.655029296875
 -105.963134765625
 -104.1943359375
 -103.018798828125
 -101.151123046875
 -99.25048828125
 -97.547607421875
 -96.361083984375
 -94.54833984375
 -92.83447265625
 -91.285400390625
 -90.208740234375
 -88.934326171875
 -87.38525390625
 -86.02294921875
 -85.078125
 -83.726806640625
 -82.122802734375
 -80.5517578125
 -78.936767578125
 -77.958984375
 -76.376953125
 -74.81689453125
 -73.861083984375
 -72.432861328125
 -71.004638671875
 -69.884033203125
 -68.88427734375
 -68.31298828125
 -67.56591796875
 -66.829833984375
 -66.346435546875
 -65.709228515625
 -65.23681640625
 -65.01708984375
 -64.92919921875
 -64.918212890625
 -65.06103515625
 -65.313720703125
 -65.665283203125
 -65.89599609375
 -66.346435546875
 -66.796875
 -67.236328125
 -67.510986328125
 -67.906494140625
 -68.214111328125
 -68.62060546875
 -69.2138671875
 -69.774169921875
 -70.90576171875
 -72.191162109375
 -73.125
 -74.959716796875
 -76.607666015625
 -78.629150390625
 -80.31005859375
 -81.551513671875
 -83.47412109375
 -85.374755859375
 -87.198486328125
 -88.538818359375
 -90.2197265625
 -92.30712890625
 -93.62548828125
 -95.767822265625
 -97.745361328125
 -99.755859375
 -101.53564453125
 -102.85400390625
 -104.644775390625
 -106.259765625
 -107.86376953125
 -108.83056640625
 -110.181884765625
 -111.368408203125
 -112.30224609375
 -112.950439453125
 -113.851318359375
 -114.71923828125
 -115.46630859375
 -115.94970703125
 -116.4111328125
 -116.773681640625
 -117.015380859375
 -117.18017578125
 -117.24609375
 -117.147216796875
 -117.015380859375
 -116.773681640625
 -116.575927734375
 -116.180419921875
 -115.653076171875
 -115.224609375
 -114.400634765625
 -113.236083984375
 -111.939697265625
 -110.45654296875
 -108.973388671875
 -108.08349609375
 -106.611328125
 -105.238037109375
 -104.150390625
 -102.4365234375
 -100.83251953125
 -98.756103515625
 -96.78955078125
 -95.29541015625
 -92.911376953125
 -89.747314453125
 -87.813720703125
 -84.825439453125
 -81.837158203125
 -79.925537109375
 -75.948486328125
 -74.168701171875
 -71.795654296875
 -69.400634765625
 -67.357177734375
 -66.26953125
 -64.962158203125
 -64.05029296875
 -63.65478515625
 -62.95166015625
 -62.33642578125
 -61.85302734375
 -61.534423828125
 -61.446533203125
 -61.556396484375
 -62.039794921875
 -62.786865234375
 -63.841552734375
 -64.588623046875
 -66.11572265625
 -67.862548828125
 -69.10400390625
 -71.0595703125
 -73.641357421875
 -76.475830078125
 -78.739013671875
 -82.781982421875
 -85.155029296875
 -88.13232421875
 -90.81298828125
 -93.779296875
 -97.03125
 -100.1953125
 -103.853759765625
 -107.347412109375
 -110.225830078125
 -114.224853515625
 -118.201904296875
 -122.2119140625
 -124.815673828125
 -128.84765625
 -132.813720703125
 -134.97802734375
 -138.944091796875
 -142.88818359375
 -146.832275390625
 -149.359130859375
 -153.533935546875
 -157.027587890625
 -161.224365234375
 -164.81689453125
 -167.596435546875
 -170.980224609375
 -174.44091796875
 -177.3193359375
 -179.6484375
 178.121337890625
 175.968017578125
 174.13330078125
 173.067626953125
 171.573486328125
 170.211181640625
 168.936767578125
 168.046875
 166.607666015625
 165.135498046875
 163.641357421875
 162.520751953125
 161.08154296875
 159.378662109375
 157.884521484375
 156.6650390625
 154.764404296875
 152.962646484375
 151.06201171875
 148.73291015625
 146.744384765625
 145.17333984375
 143.096923828125
 141.053466796875
 139.822998046875
 137.999267578125
 136.285400390625
 134.285888671875
 132.154541015625
 130.792236328125
 128.638916015625
 126.463623046875
 125.057373046875
 122.6513671875
 120.465087890625
 118.267822265625
 116.290283203125
 114.927978515625
 112.91748046875
 110.489501953125
 108.248291015625
 106.051025390625
 104.69970703125
 102.601318359375
 100.601806640625
 99.415283203125
 97.822265625
 96.097412109375
 94.50439453125
 93.5595703125
 92.318115234375
 91.263427734375
 90.494384765625
 89.93408203125
 89.307861328125
 89.033203125
 89.12109375
 89.307861328125
 89.505615234375
 89.6484375
 89.80224609375
 89.8681640625
 89.8681640625
 89.791259765625
 89.67041015625
 89.560546875
 89.505615234375
 89.47265625
 89.483642578125
 89.483642578125
 89.461669921875
 89.483642578125
 89.49462890625
 89.5166015625
 89.571533203125
 89.659423828125
 89.769287109375
 89.82421875
 89.84619140625
 89.901123046875
 89.967041015625
 90.06591796875
 90.2197265625
 90.340576171875
 90.516357421875
 90.714111328125
 90.845947265625
 90.9228515625
 90.999755859375
 91.03271484375
 91.07666015625
 91.109619140625
 91.153564453125
 91.0546875
 90.87890625
 90.72509765625
 90.560302734375
 90.41748046875
 90.296630859375
 90.142822265625
 90.06591796875
 89.93408203125
 89.82421875
 89.7802734375
 89.80224609375
 89.912109375
 90.0439453125
 90.24169921875
 90.450439453125
 90.5712890625
 90.703125
 90.76904296875
 90.81298828125
 90.76904296875
 90.72509765625
 90.6591796875
 90.615234375
