 22.918311805232953304
 22.918311805232953304
 22.918311805232953304
 22.918311805232953304
 20.053522829578831477
 20.053522829578831477
 20.053522829578831477
 20.053522829578831477
 20.053522829578831477
 20.053522829578831477
 20.053522829578831477
 20.053522829578831477
 20.053522829578831477
 20.053522829578831477
 20.053522829578831477
 20.053522829578831477
 20.053522829578831477
 20.053522829578831477
 20.053522829578831477
 20.053522829578831477
 20.053522829578831477
 20.053522829578831477
 20.053522829578831477
 20.053522829578831477
 20.053522829578831477
 20.053522829578831477
 20.053522829578831477
 20.053522829578831477
 20.053522829578831477
 20.053522829578831477
 20.053522829578831477
 20.053522829578831477
 20.053522829578831477
 20.053522829578831477
 20.053522829578831477
 20.053522829578831477
 20.053522829578831477
 20.053522829578831477
 20.053522829578831477
 20.053522829578831477
 20.053522829578831477
 20.053522829578831477
 20.053522829578831477
 20.053522829578831477
 20.053522829578831477
 20.053522829578831477
 20.053522829578831477
 10.431600387274412967
 8.0208641738049557546
 5.6140694348325395069
 3.2072753029880503028
 3.2059614781557028707
 3.2112167774850921553
 3.2125309058814028873
 3.208589127820397735
 3.208589127820397735
 3.2072753029880503028
 3.2059614781557028707
 3.2059614781557028707
 3.2059614781557028707
 3.2059614781557028707
 3.2059614781557028707
 3.2059614781557028707
 3.2059614781557028707
 3.2059614781557028707
 3.2059614781557028707
 3.2059614781557028707
 3.2059614781557028707
 3.2059614781557028707
 3.2059614781557028707
 3.2059614781557028707
 3.2059614781557028707
 3.2059614781557028707
 3.2059614781557028707
 3.2059614781557028707
 3.2059614781557028707
 3.2059614781557028707
 3.2059614781557028707
 3.2059614781557028707
 3.2059614781557028707
 3.2059614781557028707
 3.2059614781557028707
 3.2059614781557028707
 3.2059614781557028707
 3.2059614781557028707
 3.2059614781557028707
 3.2059614781557028707
 3.2059614781557028707
 3.2059614781557028707
 3.2059614781557028707
 3.2059614781557028707
 3.2059614781557028707
 3.2059614781557028707
 3.2059614781557028707
 3.2059614781557028707
 3.2059614781557028707
 3.2059614781557028707
 3.2059614781557028707
 3.2059614781557028707
 3.2059614781557028707
 3.2059614781557028707
 3.2059614781557028707
 3.2059614781557028707
 3.2059614781557028707
 3.2059614781557028707
 3.2059614781557028707
 3.2059614781557028707
 3.2059614781557028707
 3.2059614781557028707
 3.2059614781557028707
 3.2059614781557028707
 3.2059614781557028707
 3.2059614781557028707
 3.2059614781557028707
 3.2059614781557028707
 3.2059614781557028707
 3.2059614781557028707
 3.2059614781557028707
 3.2059614781557028707
 3.2059614781557028707
 3.2059614781557028707
 3.2059614781557028707
 3.2059614781557028707
 3.2059614781557028707
 3.2059614781557028707
 3.2059614781557028707
 3.2059614781557028707
 3.2059614781557028707
 3.2059614781557028707
 3.200706178826313586
 3.2046473497593925828
 3.2046473497593925828
 3.2046473497593925828
 3.2059614781557028707
 3.2059614781557028707
 3.2059614781557028707
 3.2059614781557028707
 3.2059614781557028707
 3.2059614781557028707
 3.2059614781557028707
 3.2059614781557028707
 3.2059614781557028707
 3.2059614781557028707
 3.2059614781557028707
 3.2059614781557028707
 3.2059614781557028707
 3.2059614781557028707
 3.2059614781557028707
 3.2059614781557028707
 3.2059614781557028707
 3.2059614781557028707
 3.2059614781557028707
 3.2059614781557028707
 3.2059614781557028707
 3.2059614781557028707
 3.2059614781557028707
 3.2059614781557028707
 3.2059614781557028707
 3.2059614781557028707
 3.2059614781557028707
 3.2059614781557028707
 3.2059614781557028707
 3.2059614781557028707
 3.2059614781557028707
 3.2059614781557028707
 3.2059614781557028707
 3.2112167774850921553
 3.2072753029880503028
 3.2072753029880503028
 3.2072753029880503028
 3.2059614781557028707
 3.2059614781557028707
 3.2059614781557028707
 3.2059614781557028707
 3.2059614781557028707
 3.2059614781557028707
 3.2112167774850921553
 3.2125309058814028873
 3.2138444271497870197
 3.2151582519821344519
 3.2151582519821344519
 3.2151582519821344519
 3.2151582519821344519
 3.2151582519821344519
 3.2151582519821344519
 3.2151582519821344519
 3.2151582519821344519
 3.2151582519821344519
 3.2099029526527447231
 3.208589127820397735
 3.2072753029880503028
 3.2059614781557028707
 3.2059614781557028707
 3.2059614781557028707
 3.2059614781557028707
 3.2059614781557028707
 3.2059614781557028707
 3.2059614781557028707
 3.2059614781557028707
 3.2112167774850921553
 3.2125309058814028873
 3.2138444271497870197
 3.2099029526527447231
 3.208589127820397735
 3.2072753029880503028
 3.2059614781557028707
 3.2059614781557028707
 3.2059614781557028707
 3.2059614781557028707
 3.2059614781557028707
 3.2059614781557028707
 3.2059614781557028707
 3.2059614781557028707
 3.2059614781557028707
 3.2059614781557028707
 3.2112167774850921553
 3.2125309058814028873
 3.2138444271497870197
 3.2151582519821344519
 3.2151582519821344519
 3.2151582519821344519
 3.2151582519821344519
 3.2099029526527447231
 3.2138444271497870197
 3.208589127820397735
 3.2125309058814028873
 3.208589127820397735
 3.2072753029880503028
 3.2125309058814028873
 3.2125309058814028873
 3.2138444271497870197
 3.2151582519821344519
 3.2151582519821344519
 3.2151582519821344519
 3.2151582519821344519
 3.2151582519821344519
 3.2151582519821344519
 3.2151582519821344519
 3.2151582519821344519
 3.2151582519821344519
 3.2151582519821344519
 3.2151582519821344519
 3.2151582519821344519
 3.2099029526527447231
 3.208589127820397735
 3.2125309058814028873
 3.2125309058814028873
 3.208589127820397735
 3.208589127820397735
 3.2125309058814028873
 3.2125309058814028873
 3.2138444271497870197
 3.2151582519821344519
 3.2151582519821344519
 3.2151582519821344519
 3.2151582519821344519
 3.2151582519821344519
 3.2151582519821344519
 3.2099029526527447231
 3.208589127820397735
 3.2072753029880503028
 3.2059614781557028707
 3.2059614781557028707
 3.2059614781557028707
 3.2059614781557028707
 3.2059614781557028707
 3.2059614781557028707
 3.2059614781557028707
 3.2059614781557028707
 3.2059614781557028707
 3.2059614781557028707
 3.2059614781557028707
 3.2059614781557028707
 3.2059614781557028707
 3.2059614781557028707
 3.2059614781557028707
 3.2059614781557028707
 3.2112167774850921553
 3.2125309058814028873
 3.2138444271497870197
 3.2151582519821344519
 3.2151582519821344519
 3.2151582519821344519
 3.2151582519821344519
 3.2151582519821344519
 3.2151582519821344519
 3.2151582519821344519
 3.2151582519821344519
 3.2151582519821344519
 3.2151582519821344519
 3.2151582519821344519
 3.2151582519821344519
 3.2151582519821344519
 3.2151582519821344519
 3.2151582519821344519
 3.2151582519821344519
 3.2151582519821344519
 3.2151582519821344519
 3.2151582519821344519
 3.2099029526527447231
 3.2138444271497870197
 3.208589127820397735
 3.2072753029880503028
 3.2072753029880503028
 3.2112167774850921553
 3.2072753029880503028
 3.2072753029880503028
 3.2072753029880503028
 3.2059614781557028707
 3.2059614781557028707
 3.2059614781557028707
 3.2112167774850921553
 3.2125309058814028873
 3.2138444271497870197
 3.2099029526527447231
 3.208589127820397735
 3.2072753029880503028
 3.2059614781557028707
 3.2059614781557028707
 3.2059614781557028707
 3.2059614781557028707
 3.2059614781557028707
 3.2059614781557028707
 3.2059614781557028707
 3.2059614781557028707
 3.2059614781557028707
 3.2059614781557028707
 3.2059614781557028707
 3.2059614781557028707
 3.2059614781557028707
 3.2059614781557028707
 3.2059614781557028707
 3.2059614781557028707
 3.2059614781557028707
 3.2059614781557028707
 3.2112167774850921553
 3.2125309058814028873
 3.208589127820397735
 3.2191000300431396042
 3.3330579417952632681
 3.3758756387921655673
 3.6387884409116697526
 3.7309616919790102862
 3.7973605411943904819
 3.8854663387199979141
 3.9226280319562034649
 3.9762243745913119497
 4.0235499964404226603
 4.022479933470453517
 4.0966457702460097323
 4.1697652220407199763
 4.2044741184549829782
 4.2635403801414009095
 4.3035449498921467537
 4.317218381482586409
 4.3443041796551886691
 4.3600421497587502628
 4.3817554729122027979
 4.5134002354110656086
 4.542909991829114702
 4.5622136242433866116
 4.6664811671650596736
 4.6756111569196061595
 4.8304782590325494596
 4.9565368374822309505
 5.1106881357701565705
 5.1759367811293071071
 5.4283714659340853714
 5.5538393089115514201
 5.6615759808036649758
 5.6022261903757009094
 5.5575421821335879713
 5.5056108878361467163
 5.3902438321672585531
 5.232572102599126751
 5.1543199913161243941
 4.9085026973432173136
 4.8237330677722081163
 4.5759010197761291749
 4.4538768063962015376
 4.119765201676594657
 3.9022118376171275322
 3.8324677135282563256
 3.7048955651584996041
 3.6989232477482407724
 3.6547804940523560546
 3.6588485547220153116
 3.7726246316602356501
 3.947139911285582059
 3.9928736437121350455
 4.2411300741286437344
 4.5131734731306210051
 4.7102921254492633452
 5.048678517897408291
 5.2514695664307549094
 5.3683180142396285106
 5.4469599016512653122
 5.4347044173325214089
 5.4492445240376436999
 5.4088079827673896105
 5.2320111163952960354
 5.1520414402090084494
 5.228860729586123135
 5.1238998465727032539
 5.1044923952830476566
 4.9592807521447976882
 4.9599446465321230804
 4.8859621623902862453
 5.051821012043539838
 5.0139031409752234936
 4.9887619735503143659
 5.1728974987306326483
 5.1046004640539148767
 5.4327707148874999632
 5.468047275912781835
 5.7124618008121492707
 5.6283005134232153566
 5.7575276925198561884
 5.7873054959173337863
 6.2370761848383411419
 6.1396400453425332699
 6.5239562725374016239
 6.4719339090510272783
 6.8588310370602707522
 6.8322922611491954115
 7.0701206623048920008
 6.8032065835876132098
 6.9253868288445801227
 6.6685662519007644633
 6.7679002732939466114
 6.6240492038383633755
 6.3963094474327197858
 6.1113248131193289581
 5.7508001079693755742
 5.1975292858254409367
 4.9137528360852344989
 4.5208363382514491491
 4.3256914588209589567
 4.0673639903642575533
 4.0404081175678667748
 3.9175466747776770404
 3.893839239950544151
 3.8352255921331259714
 3.3865650366252171288
 3.180847327923510548
 3.0732645629606949456
 2.8436153892270792376
 2.8462214858503931403
 2.7658562658201706341
 2.5547247974003304272
 2.5517951015923396874
 2.5441481735795750119
 2.56644175924851492
 2.3858467005699681707
 2.5202983672537428994
 2.1288738862986518185
 2.1751710334407401426
 1.8747900902642693488
 1.7702415988947366454
 1.2433071513894724536
 1.2903247317070154487
 1.0006069280807872168
 1.2455499578399322758
 1.1885745688404367737
 1.5173137744318834219
 1.3038331762835035921
 1.6223998775800869687
 1.6828382483797696967
 1.8968807434238692533
 1.812729018299773287
 2.1148704806803100276
 1.8522392341365920831
 2.0665868109636189587
 1.834919240439273791
 1.8679447228961010286
 1.4380958744002414473
 1.3755170740966584653
 0.9148882816700993903
 1.0383829588873398908
 0.63205716805651812606
 0.71713176557396907107
 0.56037816521226846422
 0.84366731890068991095
 0.46789326779129836176
 0.69282403300978301353
 0.51330446350704517222
 0.62531186295969043432
 0.43274272375620320696
 0.49443291644876763424
 -0.044022305207146270045
 0.085002662344567339603
 -0.94305271849462857237
 -1.1418570615004297597
 -2.1462685567308956713
 -2.4968800771014740825
 -3.7267045109603320618
 -4.8978327276038049476
 -5.1395394619522170032
 -6.3597075261444926397
 -6.2948371214833791498
 -6.0794839890285450323
 -6.9087254171652325851
 -6.3451795619978934582
 -7.3619913415575082283
 -8.3697350584110505878
 -8.05634837258100589
 -8.1895692391763432738
 -8.8052807400206454247
 -8.4173848865727656232
 -8.833574722766433851
 -8.4044925250594122446
 -8.6774827400623344431
 -8.3828295935238372749
 -8.4289786014519254564
 -8.2462203459722456245
 -8.6091529204775998352
 -8.2777060002261890759
 -8.5302608963603585579
 -8.4648683616826936316
 -8.6593769710465018363
 -8.3551269533781908905
 -8.6007636267930465124
 -8.2432053486906209372
 -7.7971253904331234708
 -7.9169305512427046168
 -7.2874251039146082931
 -7.4291512256284102378
 -7.1905857711702783064
 -7.0014144234059001448
 -6.6006201371654036336
 -6.8255871403319847701
 -6.5159178987942043548
 -6.6516012762583054396
 -6.5397822761902659749
 -6.6524451840757556909
 -6.6587404935427656483
 -6.9347250634778214717
 -6.8541792228895470629
 -7.0550523543039549423
 -7.5801457622639372147
 -7.293660914844847909
 -7.1470893051518578076
 -7.3993964930921292122
 -7.6534880300075709414
 -7.5743756184531108033
 -8.0474575912293904167
 -7.8344352228833278318
 -8.3432254246404351505
 -8.0510675738787149669
 -8.5663419018878865785
 -8.1242349887795963781
 -8.4580478865595001281
 -8.0670125746051191129
 -8.7023846990843107818
 -8.1035270694719692131
 -8.7740112233084381899
 -8.5608856432149167404
 -8.7295561022945111773
 -9.0792806087648774138
 -8.3856569882762581614
 -7.618313466473894735
 -7.9161297495080162889
 -7.8032415971618975803
 -7.1124053009825702887
 -7.871442098498346418
 -6.9550255999469516865
 -7.29181342456535031
 -6.5904914219722190438
 -6.6531622021566256819
 -6.0526367921309480735
 -6.3677027938049279854
 -5.7529378053976074625
 -5.8810594045405961694
 -5.4225515376333079942
 -5.5860055535707910934
 -4.937090833569260262
 -5.3470624655425487148
 -5.0325993418993082429
 -5.5683970223265353283
 -5.0945057480245994341
 -5.4751998500116192403
 -5.116706594902808547
 -5.170094389095259757
 -4.5060849510279998853
 -4.3696554133425715705
 -3.5971233762827026226
 -3.3784890209505942238
 -2.7850524365915005909
 -2.6470601516239726791
 -2.2295903379798445165
 -1.6066948441665227509
 -1.0512178709206738692
 -0.23119433327860175464
 0.6120792821346801027
 1.2612559778363765517
 2.0667149149560519739
 2.6015656276003515934
 3.1650747515281540956
 3.3877452933137952584
 3.8663096312638725038
 4.0001394471692126587
 4.2766695215459806789
 4.4566741483162752857
 4.8816539826258056323
 4.9648511508678963011
 5.4887029822187525241
 5.7597485664739815903
 6.2340520806378227903
 6.3579778186826816366
 6.6807913798231979285
 6.8074619432225125237
 7.2400418049125061515
 7.1599027400348020933
 7.6894057181229449327
 7.6795435320893723485
 7.4686515756364277863
 8.2442459659561677654
 8.6572878438523677147
 8.6802251369050846819
 8.5092141996699002249
 8.7152734178301081158
 8.9181743565181008648
 8.5711515693194275656
 8.2488158178568493639
 8.1916644376497416147
 7.5181167162975492957
 7.81974515558042782
 7.4825839472874013936
 7.6506248147075019972
 7.5216004163382192971
 7.7485217642993129417
 7.5493698405557490005
 7.8283694077724303995
 7.561275619188989161
 7.5215494175924160203
 7.2657809933447454753
 7.252996700602260205
 6.7782129482487762928
 6.5677745163567200493
 6.0321176896083770202
 5.8151811675219526876
 5.3460971321398531586
 5.0418404360643540585
 4.7997706392160610633
 4.518615767861287047
 4.2734863498287918304
 4.0400068060086331556
 3.6201210785640802747
 3.2016903331947217382
 2.8721376520731265458
 2.573949199620229944
 2.5168655141768945249
 2.2797000967166338725
 2.3473596470708169015
 2.3197933071446086295
 2.5014396078274114821
 2.2858756502001962296
 2.3522022511923559307
 2.3229524973087118944
 2.4090083273914260076
 2.0995685802097581174
 2.0513811402693735708
 1.6695579321215601176
 1.566370773344601508
 0.77177024329443999484
 0.83341330768173138566
 0.22215706334203785821
 0.1787942034128824631
 -0.1104715650131509741
 0.20923538893349691303
 0.023293155394849909129
 0.43145276664045550952
 0.94639260510777400981
 0.49663405874529042983
 0.16109475476167450791
 0.50421860436363574731
 -0.318857136118290585
 -0.043338081520666392465
 -0.48557040449121757764
 -0.3936080165417534249
 -0.6404159156172842815
 -0.26951681716425085478
 0.39392660692103914633
 0.30308211223848141591
 0.23634156383712337512
 0.63354144405415269148
 0.37857404921414294918
 0.6993596892445865798
 0.79274180790402870578
 0.98831000728107776254
 1.1154251401043697722
 1.3677764966012737613
 1.3682365477873694726
 1.4000383639088935794
 1.5945204114259290407
 1.7268777903281964381
 1.8357909243593488746
 2.0871874204102853767
 2.2074738818833798959
 2.6445266067878425709
 3.0084354429985649126
 3.1382658036899093723
 3.3667568809042540678
 3.7631664892615650508
 3.9645222873773198202
 3.3799701095266159179
 13.066593871364696966
 6.1437229806463857784
 5.887386284659769764
 6.3809315041894087983
 5.6007581550500926681
 5.8693218003429201701
 6.626120724322636768
 6.3938445080522532393
 5.9792174191406841643
 5.4970461341809135902
 4.7539142669484109049
 3.6318255942897770261
 6.8262786590399526787
 7.2149164228136788424
 7.3275344032326277244
 8.0083798022580250375
 7.1817909160310060557
 6.4456325201591049279
 14.317829885797673128
 8.2266501843983608211
 8.6536669329003714779
 11.081501690156056128
 9.3182540531894311187
 8.3542484392689466688
 7.8535810020367815554
 8.0450564002811777442
 6.7400361371199251082
 5.6641890593981303326
 4.9764327231885330249
 4.482895699885899532
 3.9510907962654804315
 3.5575085826605916672
 3.3311212037106110451
 2.8822083865493564048
 2.3982967693890673289
 1.8081626573846658612
 1.3956834352940934441
 0.48063608610732344584
 0.19506822952980412689
 -0.77167416530011512243
 -0.87462591022368052496
 -1.8694259632541043725
 -1.831325650243957659
 -2.7111825746799786963
 -2.6510031439408301424
 -3.7984688532237114167
 -3.5713171002146153477
 -4.6373314376072602983
 -4.5265658044912191471
 -4.7269593048439100258
 -4.4445209650530994594
 -5.1701192813402343518
 -6.2777482917439701993
 -6.0830982215733522267
 -5.8223027780965521671
 -6.9676095404737834471
 -7.7624680998925894571
 -7.4596430114671257172
 -9.0172467057750793629
 -8.977438541908467684
 -9.8551542779306799957
 -9.58639695882938625
 -11.000332329187552105
 -10.734840144073487522
 -11.673890978842415223
 -11.768965997833140236
 -13.029525068701202528
 -12.823196285741753186
 -13.787387073679736815
 -13.785443050059969394
 -14.757011656557420309
 -14.565421511134967858
 -14.962976162761135512
 -14.275928344841442907
 -14.53062822393895992
 -13.582886960034072032
 -12.864096065619715858
 -11.759364876807843814
 -10.467757283792717971
 -10.118515444023699956
 -9.5750934510989598181
 -8.8087850824108073766
 -8.3843383064205010413
 -8.350734382831964453
 -7.7750077200808069833
 -8.0718884189806185958
 -7.7958540645556118065
 -8.0572420648884062189
 -7.7454496969926225347
 -8.0605120558990446256
 -7.7704834027745901537
 -8.2784309109700995322
 -7.9082680499913502459
 -8.4364905952830877567
 -8.1821962776402870077
 -8.5141161505462275016
 -7.939897593563808087
 -8.1692620243000249047
 -7.3460263056095387313
 -7.2069569757008906663
 -6.4729854546192457931
 -6.3731232319302497658
 -5.5749631108486408237
 -5.776456727003647984
 -5.0882662943268019973
 -4.4470238499289553857
 -4.7706667478166924212
 -5.0126139048238878004
 -4.5023483822060583748
 -4.0665729026763886012
 -3.9766539175991146848
 -3.3606740662114220619
 -3.1794645940715371424
 -2.608788628538631027
 -2.6808352852877042061
 -3.0847921008958980593
 -2.6130181852366658468
 -2.1742579130397001741
 -2.1289795265578144168
 -1.2940362565020004926
 -1.1775437374398753931
 -0.63086363044455373572
 -0.45240490315640508046
 -0.35014551174170660541
 0.11383558496136381155
 0.73414531145052619454
 0.84506075338236330552
 1.5361905959140200739
 1.8386875316953605886
 2.4793403030948626409
 2.8335974748804311218
 3.360546872910878502
 4.0447399753214696716
 4.5746831211561245212
 4.9974099037314401173
 5.1697349693629357503
 5.1990015710465327103
 5.2499693533250564315
 4.9950333014642387397
 4.8534692829067385134
 4.6171647728458626858
 4.4812233660131166602
 4.4706380906194125302
 4.472200837901511683
 4.5764872017888977851
 4.6300965976744201669
 4.7052878735173671032
 4.8556941031923841479
 4.8977793003462979371
 4.9482847547090029749
 4.969064315111923591
 5.1083755854991714784
 5.1163241043092879679
 5.136398182061936879
 5.1507458292144479017
 5.0432738650981674411
 4.8475607139287326675
 4.9130913702096137285
 4.8761415646196599738
 4.9459970966829933658
 5.0102670518250720377
 5.0620593138274072587
 5.1022587716424716575
 4.9317884818255883772
 4.8899254934926723593
 4.7133845315414815147
 4.6647636022617735563
 4.5092165168714606338
 4.4025159087854470741
 4.2581521197961684777
 3.9987943552486653331
 3.9045942075996280529
 3.8802608238805587071
 3.7796478875107872852
 3.8507547102300669906
 3.9483881663018971508
 4.0298167708949002019
 3.9928445015716760302
 4.2332094832031339493
 4.1697980069487359245
 4.4245804554442198508
 4.4194987947017301266
 4.6315300267082335495
 4.7921818437022327686
 5.0305994625103291895
 4.9713771689468719828
 5.223287902351319012
 4.8685564118733886119
 4.6932124026287471708
 4.6003658466912256131
 4.2820820670082619941
 4.1721254318539129358
 4.4805096871358411903
 3.9209289844546670878
 3.8949688014572827477
 3.8696154428221585242
